# Time-averaged data for fix myat1
# TimeStep v_n_center1 v_n_center2
1000 3 1
2000 3 1
3000 3 1
4000 3 1
5000 3 1
6000 3 1
7000 3 1
8000 3 1
9000 3 1
10000 3 1
11000 3 1
12000 3 1
13000 3 1
14000 3 1
15000 3 1
16000 3 1
17000 3 1
18000 3 1
19000 3 1
20000 3 1
21000 3 1
22000 3 1
23000 3 1
24000 3 1
25000 3 1
26000 3 1
27000 3 1
28000 3 1
29000 3 1
30000 3 1
31000 3 1
32000 3 1
33000 3 1
34000 3 1
35000 3 1
36000 3 1
37000 3 1
38000 3 1
39000 3 1
40000 3 1
41000 3 1
42000 3 1
43000 2.61 1
44000 2 1
45000 2 1
46000 2 1
47000 2 1
48000 2 1
49000 2 1
50000 2 1
51000 2 1
52000 2 1
53000 2 1
54000 2 1
55000 2 1
56000 2 1
57000 2 1
58000 2 1
59000 2 1
60000 2 1
61000 2 1
62000 2 1.29
63000 2 2
64000 2 2
65000 2 2
66000 2 2
67000 2 2
68000 2 2
69000 2 2
70000 2 2
71000 2 2
72000 2 2
73000 2 2
74000 2 2
75000 2 2
76000 2 2
77000 2 2
78000 2 2
79000 2 2
80000 2 2
81000 2 2
82000 2 2
83000 2 2
84000 2 2
85000 2 2
86000 2 2
87000 2 2
88000 2 2
89000 2 2
90000 2 2
91000 2 2
92000 2 2
93000 2 2
94000 2 2
95000 2 2
96000 2 2
97000 2 2
98000 2 2
99000 2 2
100000 2 2
101000 2 2
102000 2 2
103000 2 2
104000 2 2
105000 2 2
106000 2 2
107000 2 2
108000 2 2
109000 2 2
110000 2 2
111000 2 2
112000 2 2
113000 2 2
114000 2 2
115000 2 2
116000 2 2
117000 2 2
118000 2 2
119000 2 2
120000 2 2
121000 2 2
122000 2 2
123000 2 2
124000 2 2
125000 2 2
126000 2 2
127000 2 2
128000 2 2
129000 2 2
130000 2 2
131000 2 2
132000 2 2
133000 2 2
134000 2 2
135000 2 2
136000 2 2
137000 2 2
138000 2 2
139000 2 2
140000 2 2
141000 2 2
142000 2 2
143000 2 2
144000 2 2
145000 2 2
146000 2 2
147000 2 2
148000 2 2
149000 2 2
150000 2 2
151000 2 2
152000 2 2
153000 2 2
154000 2 2
155000 2 2
156000 2 2
157000 2 2
158000 2 2
159000 2 2
160000 2 2
161000 2 2
162000 2 2
163000 2 2.66
164000 2 3
165000 2 3
166000 2 3
167000 1.49 3
168000 1 3
169000 1 3
170000 1 3
171000 1 3
172000 1 3
173000 1 3
174000 1 3
175000 1 3
176000 1 3
177000 1 3
178000 1 3.35
179000 1 4
180000 1 4
181000 1 4
182000 1 4
183000 1 4
184000 1 4
185000 1 4
186000 1 4
187000 1 4
188000 1 4
189000 1 4
190000 1 4
191000 1 4
192000 1 4
193000 1 4
194000 1 4
195000 1 4
196000 1 4
197000 1 4
198000 1 4
199000 1 4
200000 1 4
201000 1 4
202000 1 4
203000 1 4
204000 1 4
205000 1 4
206000 1 4
207000 1 4
208000 1 4
209000 1 4
210000 1 4
211000 1 4
212000 1 4
213000 1 4
214000 1 4
215000 1 4
216000 1 4
217000 1 4
218000 1 4.13
219000 1 5
220000 1 5
221000 1 5
222000 1 5
223000 1 5
224000 1 5
225000 1 5
226000 1 5
227000 1 5
228000 1 5
229000 1 5
230000 1 5
231000 1 5
232000 1 5
233000 1 5
234000 1 5
235000 1 5
236000 1 5
237000 1 5
238000 1 5
239000 1 5
240000 1 5
241000 1 5
242000 1 5
243000 1 5
244000 1 5
245000 1 5
246000 1 5
247000 1 5
248000 1 5
249000 1 5
250000 1 5
251000 1 5
252000 1 5
253000 1 5
254000 1 5
255000 1 5
256000 1 5
257000 1 5
258000 1 5
259000 1 5
260000 1 5
261000 1 5
262000 1 5
263000 1 5
264000 1 5
265000 1 5
266000 1 5
267000 1 5
268000 1 5
269000 1 5
270000 1 5
271000 1 5
272000 1 5
273000 1 5
274000 1 5
275000 1 5
276000 1 5
277000 1 5
278000 1 5
279000 1 5
280000 1 5
281000 1 5
282000 1 5
283000 1 5
284000 1 5
285000 1 5
286000 1 5
287000 1 5
288000 1 5
289000 1 5
290000 1 5
291000 1 5
292000 1 5
293000 1 5
294000 1 5
295000 1 5
296000 1 5
297000 1 5
298000 1 5
299000 1 5
300000 1 5
301000 1 5
302000 1 5
303000 1 5
304000 1 5
305000 1 5
306000 1 5
307000 1 5
308000 1 5
309000 1 5
310000 1 5
311000 1 5
312000 1 5
313000 1 5
314000 1 5
315000 1 5
316000 1 5
317000 1 5
318000 1 5
319000 1 5
320000 1 5
321000 1 5
322000 1 5
323000 1 5
324000 1 5
325000 1 5
326000 1 5
327000 1 5
328000 1 5
329000 1 5
330000 1 5
331000 1 5
332000 1 5
333000 1 5
334000 1 5
335000 1 5
336000 1 5
337000 1 5
338000 1 5
339000 1 5
340000 1 5
341000 1 5
342000 1 5
343000 1 5
344000 1 5
345000 1 5
346000 1 5
347000 1 5
348000 1 5
349000 1 5
350000 1 5
351000 1 5
352000 1 5
353000 1 5
354000 1 5
355000 1 5
356000 1 5
357000 1 5
358000 1 5
359000 1 5
360000 1 5
361000 1 5
362000 1 5
363000 1 5
364000 1 5
365000 1 5
366000 1 5
367000 1 5
368000 1 5
369000 1 5
370000 1 5
371000 1 5
372000 1 5
373000 1 5
374000 1 5
375000 1 5
376000 1 5
377000 1 5
378000 1 5
379000 1 5
380000 1 5
381000 1 5
382000 1 5
383000 1 5
384000 1 5
385000 1 5
386000 1 5
387000 1 5
388000 1 5
389000 1 5
390000 1 5
391000 1 5
392000 1 5
393000 1 5
394000 1 5
395000 1 5
396000 1 5
397000 1 5
398000 1 5
399000 1 5
400000 1 5
401000 1.05 5
402000 1 5
403000 1 5
404000 1 5
405000 1 5
406000 1 5
407000 1 5
408000 1 5
409000 1 5
410000 1 5
411000 1 5
412000 1 5
413000 1 5
414000 1 5
415000 1 5
416000 1 5
417000 1 5
418000 1 5
419000 1 5
420000 1 5
421000 1 5
422000 1 5
423000 1 5
424000 1 5
425000 1 5
426000 1 5
427000 1 5
428000 1 5
429000 1 5
430000 1 5
431000 1 5
432000 1 5
433000 1 5
434000 1 5
435000 1 5
436000 1 5
437000 1 5
438000 1 5
439000 1 5
440000 1 5
441000 1 5
442000 1 5
443000 1 5
444000 1 5
445000 1 5
446000 1 5
447000 1 5
448000 1 5
449000 1 5
450000 1 5
451000 1 5
452000 1 5
453000 1 5
454000 1 5
455000 1 5
456000 1 5
457000 1 5
458000 1 5
459000 1 5
460000 1 5
461000 1 5
462000 1 5
463000 1 5
464000 1 5
465000 1 5
466000 1 5
467000 1 5
468000 1 5
469000 1 5
470000 1 5
471000 1 5
472000 1 5
473000 1 5
474000 1 5
475000 1 5
476000 1 5
477000 1 5
478000 1 5
479000 1 5
480000 1 5
481000 1 5
482000 1 5
483000 1 5
484000 1 5
485000 1 5
486000 1 5
487000 1 5
488000 1 5
489000 1 5
490000 1 5
491000 1 5
492000 1 5
493000 1 5
494000 1 5
495000 1 5
496000 1 5
497000 1 5
498000 1 5
499000 1 5
500000 1 5
501000 1 5
502000 1 5
503000 1 5
504000 1 5
505000 1 5
506000 1 5
507000 1 5
508000 1 5
509000 1 5
510000 1 5
511000 1 5
512000 1 5
513000 1 5
514000 1 5
515000 1 5
516000 1 5
517000 1 5
518000 1 5
519000 1 5
520000 0.03 5
521000 0 5
522000 0 5
523000 0 5
524000 0 5
525000 0 5
526000 0 5
527000 0 5
528000 0 5
529000 0 5
530000 0 5
531000 0 5
532000 0 5
533000 0 5
534000 0 5
535000 0 5
536000 0 5
537000 0 5
538000 0 5
539000 0 5
540000 0 5
541000 0 5
542000 0 5
543000 0 5
544000 0 5
545000 0 5
546000 0 5
547000 0 5
548000 0 5
549000 0 5
550000 0 5
551000 0 5
552000 0 5
553000 0 5
554000 0 5
555000 0 5
556000 0 5
557000 0 5
558000 0 5
559000 0 5
560000 0 5
561000 0 5
562000 0 5
563000 0 5
564000 0 5
565000 0 5
566000 0 5
567000 0 5
568000 0 5
569000 0 5
570000 0 5
571000 0 5
572000 0 5
573000 0 5
574000 0 5
575000 0 5
576000 0 5
577000 0 5
578000 0 5
579000 0 5
580000 0 5
581000 0 5
582000 0 5
583000 0 5
584000 0 5
585000 0 5
586000 0 5
587000 0 5
588000 0 5
589000 0 5
590000 0 5
591000 0 5
592000 0 5
593000 0 5
594000 0 5
595000 0 5
596000 0 5
597000 0 5
598000 0 5
599000 0 5
600000 0 5
601000 0 5
602000 0 5
603000 0 5
604000 0 5
605000 0 5
606000 0 5
607000 0 5
608000 0 5
609000 0 5
610000 0 5
611000 0 5
612000 0 5
613000 0 5
614000 0 5
615000 0 5
616000 0 5
617000 0 5
618000 0 5
619000 0 5
620000 0 5
621000 0 5
622000 0 5
623000 0 5
624000 0 5
625000 0 5
626000 0 5
627000 0 5
628000 0 5
629000 0 5
630000 0 5
631000 0 5
632000 0 5
633000 0 5
634000 0 5
635000 0 5
636000 0 5
637000 0 5
638000 0 5
639000 0 5
640000 0 5
641000 0 5
642000 0 5
643000 0 5
644000 0 5
645000 0 5
646000 0 5
647000 0 5
648000 0 5
649000 0 5
650000 0 5
651000 0 5
652000 0 5
653000 0 5
654000 0 5
655000 0 5
656000 0 5
657000 0 5
658000 0 5
659000 0 5
660000 0 5
661000 0 5
662000 0 5
663000 0 5
664000 0 5
665000 0 5
666000 0 5
667000 0 5
668000 0 5
669000 0 5
670000 0 5
671000 0 5
672000 0 5
673000 0 5
674000 0 5
675000 0 5
676000 0 5
677000 0 5
678000 0 5
679000 0 5
680000 0 5
681000 0 5
682000 0 5
683000 0 5
684000 0 5
685000 0 5
686000 0 5
687000 0 5
688000 0 5
689000 0 5
690000 0 5
691000 0 5
692000 0 5
693000 0 5
694000 0 5
695000 0 5
696000 0 5
697000 0 5
698000 0 5
699000 0 5
700000 0 5
701000 0 5
702000 0 5
703000 0 5
704000 0 5
705000 0 5
706000 0 5
707000 0 5
708000 0 5
709000 0 5
710000 0 5
711000 0 5
712000 0 5
713000 0 5
714000 0 5
715000 0 5
716000 0 5
717000 0 5
718000 0 5
719000 0 5
720000 0 5
721000 0 5
722000 0 5
723000 0 5
724000 0 5
725000 0 5
726000 0 5
727000 0 5
728000 0 5
729000 0 5
730000 0 5
731000 0 5
732000 0 5
733000 0 5
734000 0 5
735000 0 4.96
736000 0 5
737000 0 5
738000 0 5
739000 0 5
740000 0 5
741000 0 5
742000 0 5
743000 0 5
744000 0 5
745000 0 5
746000 0 5
747000 0 5
748000 0 5
749000 0 5
750000 0 5
751000 0 5
752000 0 5
753000 0 5
754000 0 5
755000 0 5
756000 0 5
757000 0 5
758000 0 5
759000 0 5
760000 0 5
761000 0 5
762000 0 5
763000 0 5
764000 0 5
765000 0 5
766000 0 5
767000 0 5
768000 0 5
769000 0 5
770000 0 5
771000 0 5
772000 0 5
773000 0 5
774000 0 5
775000 0 5
776000 0 5
777000 0 5
778000 0 5
779000 0 5
780000 0 5
781000 0 5
782000 0 5
783000 0 5
784000 0 5
785000 0 5
786000 0 5
787000 0 5
788000 0 5
789000 0 5
790000 0 5
791000 0 5
792000 0 5
793000 0 5
794000 0 5
795000 0 5
796000 0 5
797000 0 5
798000 0 5
799000 0 5
800000 0 5
801000 0 5
802000 0 5
803000 0 5
804000 0 5
805000 0 5
806000 0 5
807000 0 5
808000 0 5
809000 0 5
810000 0 5
811000 0 5
812000 0 5
813000 0 5
814000 0 5
815000 0 5
816000 0 5
817000 0 5
818000 0 5
819000 0 5
820000 0 5
821000 0 5
822000 0 5
823000 0 5
824000 0 5
825000 0 5
826000 0 5
827000 0 5
828000 0 5
829000 0 5
830000 0 5
831000 0 5
832000 0 5
833000 0 5
834000 0 5
835000 0 5
836000 0 5
837000 0 5
838000 0 5
839000 0 5
840000 0 5
841000 0 5
842000 0 5
843000 0 5
844000 0 5
845000 0 5
846000 0 5
847000 0 5
848000 0 5
849000 0 5
850000 0 5
851000 0 5
852000 0 5
853000 0 5
854000 0 5
855000 0 5
856000 0 5
857000 0 5
858000 0 5
859000 0 5
860000 0 5
861000 0 5
862000 0 5
863000 0 5
864000 0 5
865000 0 5
866000 0 5
867000 0 5
868000 0 5
869000 0 5
870000 0 5
871000 0 5
872000 0 5
873000 0 5
874000 0 5
875000 0 5
876000 0 5
877000 0 5
878000 0 5
879000 0 5
880000 0 5
881000 0 5
882000 0 5
883000 0 5
884000 0 5
885000 0 5
886000 0 5
887000 0 5
888000 0 5
889000 0 5
890000 0 5
891000 0 5
892000 0 5
893000 0 5
894000 0 5
895000 0 5
896000 0 5
897000 0 5
898000 0 5
899000 0 5
900000 0 5
901000 0 5
902000 0 5
903000 0 5
904000 0 5
905000 0 5
906000 0 5
907000 0 5
908000 0 5
909000 0 5
910000 0 5
911000 0 5
912000 0 5
913000 0 5
914000 0 5
915000 0 5
916000 0 5
917000 0 5
918000 0 5
919000 0 5
920000 0 5
921000 0 5
922000 0 5
923000 0 5
924000 0 5
925000 0 5
926000 0 5
927000 0 5
928000 0 5
929000 0 5
930000 0 5
931000 0 5
932000 0 5
933000 0 5
934000 0 5
935000 0 5
936000 0 5
937000 0 5
938000 0 5
939000 0 5
940000 0 5
941000 0 5
942000 0 5
943000 0 5
944000 0 5
945000 0 5
946000 0 5
947000 0 5
948000 0 5
949000 0 5
950000 0 5
951000 0 5
952000 0 5
953000 0 5
954000 0 5
955000 0 5
956000 0 5
957000 0 5
958000 0 5
959000 0 5
960000 0 5
961000 0 5
962000 0 5
963000 0 5
964000 0 5
965000 0 5
966000 0 5
967000 0 5
968000 0 5
969000 0 5
970000 0 5
971000 0 5
972000 0 5
973000 0 5
974000 0 5
975000 0 5
976000 0 5
977000 0 5
978000 0 5
979000 0 5
980000 0 5
981000 0 5
982000 0 5
983000 0 5
984000 0 5
985000 0 5
986000 0 5
987000 0 5
988000 0 5
989000 0 5
990000 0 5
991000 0 5
992000 0 5
993000 0 5
994000 0 5
995000 0 5
996000 0 5
997000 0 5
998000 0 5
999000 0 5
1000000 0 5
