# Time-averaged data for fix myat1
# TimeStep v_mytemp
100 306.651
200 297.292
300 297.453
400 297.971
500 298.737
600 298.315
700 304.593
800 306.711
900 304.007
1000 310.842
1100 293.991
1200 300.745
1300 304.944
1400 296.955
1500 287.901
1600 305.634
1700 308.153
1800 297.827
1900 299.64
2000 302.952
2100 303.727
2200 297.564
2300 292.818
2400 294.091
2500 304.563
2600 305.303
2700 300.278
2800 298.52
2900 291.649
3000 285.68
3100 296.902
3200 299.556
3300 299.925
3400 298.175
3500 302.559
3600 313.372
3700 308.182
3800 306.848
3900 295.586
4000 301.04
4100 302.462
4200 295.675
4300 289.346
4400 294.749
4500 300.676
4600 300.535
4700 302.711
4800 295.033
4900 290.639
5000 292.149
5100 300.118
5200 303.365
5300 304.334
5400 297.276
5500 289.53
5600 297.896
5700 296.104
5800 300.576
5900 305.687
6000 303.666
6100 291.836
6200 295.658
6300 298.338
6400 305.713
6500 304.273
6600 300.06
6700 294.701
6800 301.575
6900 304.84
7000 294.569
7100 291.095
7200 300.615
7300 300.335
7400 305.383
7500 304.984
7600 301.162
7700 297.082
7800 301.199
7900 295.374
8000 298.902
8100 307.4
8200 302.828
8300 295.195
8400 288.419
8500 293.472
8600 303.332
8700 306.723
8800 295.091
8900 294.832
9000 302.882
9100 306.406
9200 305.414
9300 305.897
9400 303.839
9500 303.824
9600 297.659
9700 292.857
9800 300.852
9900 302.678
10000 302.019
10100 297.987
10200 293.463
10300 295.004
10400 296.336
10500 302.531
10600 301.895
10700 308.269
10800 293.331
10900 293.632
11000 305.15
11100 294.756
11200 287.032
11300 290.161
11400 295.243
11500 296.259
11600 301.571
11700 308.091
11800 301.963
11900 301.136
12000 292.618
12100 298.197
12200 302.259
12300 304.488
12400 303.874
12500 300.404
12600 300.2
12700 299.25
12800 288.942
12900 293.53
13000 296.902
13100 305.629
13200 299.861
13300 299.697
13400 301.434
13500 305.693
13600 304.793
13700 301.454
13800 295.088
13900 297.355
14000 302.29
14100 318.508
14200 305.564
14300 293.502
14400 294.543
14500 302.214
14600 299.312
14700 303.281
14800 317.259
14900 306.206
15000 298.091
15100 301.487
15200 294.158
15300 298.88
15400 298.46
15500 292.575
15600 290.34
15700 303.204
15800 301.202
15900 297.657
16000 313.536
16100 304.58
16200 298.623
16300 294.379
16400 300.044
16500 302.26
16600 306.287
16700 305.115
16800 303.665
16900 299.832
17000 297.944
17100 302.274
17200 306.067
17300 292.906
17400 302.581
17500 305.64
17600 295.794
17700 294.74
17800 296.651
17900 311.05
18000 309.653
18100 302.807
18200 297.672
18300 292.324
18400 303.042
18500 309.831
18600 294.985
18700 294.308
18800 302.361
18900 305.839
19000 308.871
19100 309.723
19200 301.889
19300 296.52
19400 296.979
19500 301.632
19600 313.299
19700 307.22
19800 294.676
19900 299.198
20000 297.539
20100 301.705
20200 308.29
20300 305.657
20400 301.566
20500 296.719
20600 296.352
20700 307.564
20800 303.456
20900 305.882
21000 295.863
21100 297.744
21200 298.398
21300 304.427
21400 303.502
21500 313.586
21600 307.346
21700 300.034
21800 294.099
21900 303.294
22000 302.456
22100 309.863
22200 307.6
22300 299.167
22400 296.136
22500 295.515
22600 301.57
22700 303.888
22800 303.272
22900 302.842
23000 303.869
23100 308.88
23200 295.514
23300 303.242
23400 295.947
23500 285.383
23600 291.691
23700 295.753
23800 300.119
23900 308.221
24000 300.886
24100 293.252
24200 299.188
24300 297.949
24400 297.62
24500 297.573
24600 303.65
24700 301.958
24800 292.815
24900 292.422
25000 298.266
25100 298.12
25200 307.024
25300 296.434
25400 291.619
25500 292.798
25600 293.481
25700 304.281
25800 302.503
25900 298.453
26000 294.319
26100 296.884
26200 295.103
26300 289.796
26400 293.518
26500 301.458
26600 305.906
26700 300.668
26800 293.972
26900 289.286
27000 298.099
27100 302.312
27200 308.979
27300 297.321
27400 290.899
27500 300.393
27600 307.748
27700 304.346
27800 299.638
27900 297.561
28000 301.824
28100 303.149
28200 304.375
28300 312.46
28400 306.214
28500 298.145
28600 296.556
28700 307.39
28800 290.991
28900 294.64
29000 309.107
29100 304.309
29200 292.692
29300 288.577
29400 298.558
29500 307.054
29600 307.469
29700 298.424
29800 292.97
29900 304.127
30000 297.697
30100 305.087
30200 306.389
30300 296.637
30400 294.346
30500 302.643
30600 304.847
30700 310.417
30800 306.52
30900 297.979
31000 297.366
31100 288.271
31200 301.616
31300 303.13
31400 298.445
31500 296.772
31600 304.426
31700 312.58
31800 305.354
31900 302.518
32000 301.433
32100 294.736
32200 301.222
32300 309.049
32400 308.709
32500 299.814
32600 296.321
32700 299.532
32800 300.45
32900 291.221
33000 292.498
33100 300.043
33200 300.245
33300 304.387
33400 296.997
33500 301.027
33600 312.357
33700 306.998
33800 298.035
33900 295.103
34000 304.877
34100 310.265
34200 301.864
34300 291.64
34400 293.295
34500 308.92
34600 297.035
34700 305.992
34800 289.871
34900 293.257
35000 299.417
35100 307.256
35200 292.599
35300 296.295
35400 296.234
35500 304.473
35600 308.485
35700 297.042
35800 295.369
35900 303.848
36000 292.372
36100 284.81
36200 299.096
36300 302.972
36400 305.363
36500 292.599
36600 286.733
36700 306.519
36800 294.038
36900 298.346
37000 311.275
37100 301.3
37200 294.217
37300 296.954
37400 296.679
37500 306.176
37600 307.653
37700 300.725
37800 295.917
37900 299.12
38000 302.171
38100 308.962
38200 306.283
38300 296.537
38400 293.717
38500 296.951
38600 303.904
38700 301.394
38800 300.41
38900 296.63
39000 307.428
39100 314.634
39200 303.991
39300 296.969
39400 303.37
39500 304.538
39600 293.571
39700 287.453
39800 297.773
39900 306.668
40000 304.27
40100 285.849
40200 296.955
40300 309.55
40400 309.735
40500 297.175
40600 294.267
40700 305.884
40800 302.327
40900 294.843
41000 292.66
41100 297.527
41200 304.675
41300 300.396
41400 302.192
41500 301.556
41600 302.447
41700 290.623
41800 290.732
41900 295.855
42000 299.496
42100 305.451
42200 299.197
42300 287
42400 295.887
42500 303.029
42600 304.295
42700 297.449
42800 302.126
42900 297.706
43000 307.596
43100 297.479
43200 293.648
43300 303.597
43400 298.395
43500 300.464
43600 304.711
43700 300.804
43800 303.575
43900 299.243
44000 288.54
44100 295.632
44200 303.174
44300 296.632
44400 305.477
44500 299.489
44600 295.849
44700 296.053
44800 291.484
44900 302.057
45000 307.525
45100 294.928
45200 297.933
45300 300.025
45400 310.118
45500 305.975
45600 301.458
45700 303.616
45800 297.595
45900 295.822
46000 308.21
46100 308.735
46200 302.655
46300 289.559
46400 296.153
46500 305.178
46600 307.518
46700 294.629
46800 283.798
46900 292.351
47000 294.895
47100 301.835
47200 300.724
47300 306.227
47400 306.588
47500 300.333
47600 293.197
47700 300.518
47800 296.922
47900 311.52
48000 308.297
48100 301.047
48200 302.998
48300 301.835
48400 298.985
48500 298.341
48600 295.861
48700 295.72
48800 303.878
48900 307.29
49000 297.769
49100 302.687
49200 295.033
49300 286.375
49400 285.573
49500 295.105
49600 295.308
49700 301.038
49800 296.554
49900 304.998
50000 309.91
50100 310.379
50200 303.423
50300 298.648
50400 294.642
50500 301.203
50600 309.499
50700 307.644
50800 306.724
50900 306.014
51000 295.676
51100 294.045
51200 303.189
51300 301.06
51400 310.475
51500 310.114
51600 302.437
51700 298.644
51800 297.33
51900 296.191
52000 303.501
52100 304.669
52200 302.943
52300 300.806
52400 289.911
52500 292.539
52600 295.672
52700 293.151
52800 296.124
52900 307.388
53000 301.921
53100 296.998
53200 293.719
53300 297.957
53400 300.77
53500 300.148
53600 303.27
53700 298.978
53800 291.451
53900 299.405
54000 303.874
54100 307.801
54200 307.997
54300 312.685
54400 306.625
54500 297.481
54600 291.077
54700 299.01
54800 304.839
54900 297.663
55000 298.929
55100 310.646
55200 309.354
55300 307.719
55400 301.127
55500 298.127
55600 295.784
55700 299.404
55800 294.1
55900 305.927
56000 310.456
56100 293.697
56200 294.738
56300 295.496
56400 307.061
56500 299.433
56600 297.247
56700 298.435
56800 295.976
56900 292.846
57000 291.609
57100 301.922
57200 310.545
57300 298.962
57400 295.84
57500 299.713
57600 296.502
57700 303.701
57800 310.07
57900 302.164
58000 295.142
58100 295.988
58200 306.145
58300 311.256
58400 310.493
58500 301.67
58600 301.871
58700 293.777
58800 299.742
58900 303.131
59000 305.47
59100 306.183
59200 301.956
59300 298.876
59400 291.466
59500 294.515
59600 302.489
59700 302.668
59800 302.689
59900 306.449
60000 298.994
