# Chunk-averaged data for fix myac5 and group wall
# Timestep Number-of-chunks Total-count
# Chunk Coord1 Ncount density/mass vx
1000000 566 432
  1 -28.25 0 0 0
  2 -28.15 0 0 0
  3 -28.05 0 0 0
  4 -27.95 0 0 0
  5 -27.85 0 0 0
  6 -27.75 0 0 0
  7 -27.65 0 0 0
  8 -27.55 0 0 0
  9 -27.45 0 0 0
  10 -27.35 0 0 0
  11 -27.25 0 0 0
  12 -27.15 0 0 0
  13 -27.05 0 0 0
  14 -26.95 0 0 0
  15 -26.85 0 0 0
  16 -26.75 0 0 0
  17 -26.65 0 0 0
  18 -26.55 0 0 0
  19 -26.45 0 0 0
  20 -26.35 0 0 0
  21 -26.25 0 0 0
  22 -26.15 0 0 0
  23 -26.05 0 0 0
  24 -25.95 0 0 0
  25 -25.85 0 0 0
  26 -25.75 0 0 0
  27 -25.65 0 0 0
  28 -25.55 0 0 0
  29 -25.45 0 0 0
  30 -25.35 0 0 0
  31 -25.25 0 0 0
  32 -25.15 0 0 0
  33 -25.05 0 0 0
  34 -24.95 0 0 0
  35 -24.85 0 0 0
  36 -24.75 0 0 0
  37 -24.65 0 0 0
  38 -24.55 0 0 0
  39 -24.45 0 0 0
  40 -24.35 0 0 0
  41 -24.25 0 0 0
  42 -24.15 0 0 0
  43 -24.05 0 0 0
  44 -23.95 0 0 0
  45 -23.85 0 0 0
  46 -23.75 0 0 0
  47 -23.65 0 0 0
  48 -23.55 0 0 0
  49 -23.45 0 0 0
  50 -23.35 0 0 0
  51 -23.25 0 0 0
  52 -23.15 0 0 0
  53 -23.05 0 0 0
  54 -22.95 0 0 0
  55 -22.85 0 0 0
  56 -22.75 0 0 0
  57 -22.65 0 0 0
  58 -22.55 0 0 0
  59 -22.45 0 0 0
  60 -22.35 0 0 0
  61 -22.25 0 0 0
  62 -22.15 0 0 0
  63 -22.05 0 0 0
  64 -21.95 0 0 0
  65 -21.85 0 0 0
  66 -21.75 0 0 0
  67 -21.65 0 0 0
  68 -21.55 0 0 0
  69 -21.45 0 0 0
  70 -21.35 0 0 0
  71 -21.25 0 0 0
  72 -21.15 0 0 0
  73 -21.05 0 0 0
  74 -20.95 0 0 0
  75 -20.85 0 0 0
  76 -20.75 0 0 0
  77 -20.65 0 0 0
  78 -20.55 0 0 0
  79 -20.45 0 0 0
  80 -20.35 0 0 0
  81 -20.25 0 0 0
  82 -20.15 0 0 0
  83 -20.05 0 0 0
  84 -19.95 0 0 0
  85 -19.85 0 0 0
  86 -19.75 0 0 0
  87 -19.65 0 0 0
  88 -19.55 0 0 0
  89 -19.45 0 0 0
  90 -19.35 0 0 0
  91 -19.25 0 0 0
  92 -19.15 0 0 0
  93 -19.05 0 0 0
  94 -18.95 0 0 0
  95 -18.85 0 0 0
  96 -18.75 0 0 0
  97 -18.65 0 0 0
  98 -18.55 0 0 0
  99 -18.45 0 0 0
  100 -18.35 0 0 0
  101 -18.25 0 0 0
  102 -18.15 0 0 0
  103 -18.05 0 0 0
  104 -17.95 0 0 0
  105 -17.85 0 0 0
  106 -17.75 0 0 0
  107 -17.65 0 0 0
  108 -17.55 0 0 0
  109 -17.45 0 0 0
  110 -17.35 0 0 0
  111 -17.25 0 0 0
  112 -17.15 0 0 0
  113 -17.05 0 0 0
  114 -16.95 0 0 0
  115 -16.85 0 0 0
  116 -16.75 0 0 0
  117 -16.65 0 0 0
  118 -16.55 0 0 0
  119 -16.45 0 0 0
  120 -16.35 0 0 0
  121 -16.25 0 0 0
  122 -16.15 0 0 0
  123 -16.05 0 0 0
  124 -15.95 0 0 0
  125 -15.85 0 0 0
  126 -15.75 0 0 0
  127 -15.65 0 0 0
  128 -15.55 0 0 0
  129 -15.45 0 0 0
  130 -15.35 0 0 0
  131 -15.25 0 0 0
  132 -15.15 0 0 0
  133 -15.05 0 0 0
  134 -14.95 0 0 0
  135 -14.85 0 0 0
  136 -14.75 0 0 0
  137 -14.65 0 0 0
  138 -14.55 0 0 0
  139 -14.45 0 0 0
  140 -14.35 0 0 0
  141 -14.25 0 0 0
  142 -14.15 0 0 0
  143 -14.05 0 0 0
  144 -13.95 0 0 0
  145 -13.85 0 0 0
  146 -13.75 0 0 0
  147 -13.65 0 0 0
  148 -13.55 0 0 0
  149 -13.45 0 0 0
  150 -13.35 0.0141158 0.0107635 -9.61762e-05
  151 -13.25 1.00083 0.763152 2.56074e-06
  152 -13.15 13.9758 10.6568 1.63709e-06
  153 -13.05 37.0525 28.2532 -1.99387e-06
  154 -12.95 18.4279 14.0516 2.27137e-06
  155 -12.85 1.51298 1.15367 3.39577e-06
  156 -12.75 0.0158632 0.0120959 9.52266e-05
  157 -12.65 1.05263e-05 8.0265e-06 -0.0026949
  158 -12.55 0 0 0
  159 -12.45 0 0 0
  160 -12.35 0 0 0
  161 -12.25 0 0 0
  162 -12.15 0 0 0
  163 -12.05 0 0 0
  164 -11.95 0 0 0
  165 -11.85 0 0 0
  166 -11.75 0 0 0
  167 -11.65 0 0 0
  168 -11.55 0 0 0
  169 -11.45 0 0 0
  170 -11.35 0.000157895 0.000120398 -0.00179752
  171 -11.25 0.131747 0.10046 -5.23194e-05
  172 -11.15 7.29686 5.56399 -2.35245e-06
  173 -11.05 38.332 29.2288 -8.2926e-08
  174 -10.95 24.486 18.671 1.85646e-06
  175 -10.85 1.74372 1.32961 -1.07403e-05
  176 -10.75 0.00952632 0.00726398 -8.83549e-05
  177 -10.65 0 0 0
  178 -10.55 0 0 0
  179 -10.45 0 0 0
  180 -10.35 0 0 0
  181 -10.25 0 0 0
  182 -10.15 0 0 0
  183 -10.05 0 0 0
  184 -9.95 0 0 0
  185 -9.85 0 0 0
  186 -9.75 0 0 0
  187 -9.65 0 0 0
  188 -9.55 0 0 0
  189 -9.45 0 0 0
  190 -9.35 0.000378947 0.000288954 0.000438536
  191 -9.25 0.150411 0.114691 -1.36959e-05
  192 -9.15 6.06292 4.62308 -5.33506e-06
  193 -9.05 32.7634 24.9827 -2.23246e-06
  194 -8.95 28.6291 21.8302 1.49057e-06
  195 -8.85 4.28982 3.27106 1.49503e-05
  196 -8.75 0.103526 0.0789406 4.83805e-06
  197 -8.65 0.000389474 0.000296981 -0.00060441
  198 -8.55 0 0 0
  199 -8.45 0 0 0
  200 -8.35 0 0 0
  201 -8.25 0 0 0
  202 -8.15 0 0 0
  203 -8.05 0 0 0
  204 -7.95 0 0 0
  205 -7.85 0 0 0
  206 -7.75 0 0 0
  207 -7.65 0 0 0
  208 -7.55 0 0 0
  209 -7.45 0 0 0
  210 -7.35 0 0 0
  211 -7.25 0 0 0
  212 -7.15 0 0 0
  213 -7.05 0 0 0
  214 -6.95 0 0 0
  215 -6.85 0 0 0
  216 -6.75 0 0 0
  217 -6.65 0 0 0
  218 -6.55 0 0 0
  219 -6.45 0 0 0
  220 -6.35 0 0 0
  221 -6.25 0 0 0
  222 -6.15 0 0 0
  223 -6.05 0 0 0
  224 -5.95 0 0 0
  225 -5.85 0 0 0
  226 -5.75 0 0 0
  227 -5.65 0 0 0
  228 -5.55 0 0 0
  229 -5.45 0 0 0
  230 -5.35 0 0 0
  231 -5.25 0 0 0
  232 -5.15 0 0 0
  233 -5.05 0 0 0
  234 -4.95 0 0 0
  235 -4.85 0 0 0
  236 -4.75 0 0 0
  237 -4.65 0 0 0
  238 -4.55 0 0 0
  239 -4.45 0 0 0
  240 -4.35 0 0 0
  241 -4.25 0 0 0
  242 -4.15 0 0 0
  243 -4.05 0 0 0
  244 -3.95 0 0 0
  245 -3.85 0 0 0
  246 -3.75 0 0 0
  247 -3.65 0 0 0
  248 -3.55 0 0 0
  249 -3.45 0 0 0
  250 -3.35 0 0 0
  251 -3.25 0 0 0
  252 -3.15 0 0 0
  253 -3.05 0 0 0
  254 -2.95 0 0 0
  255 -2.85 0 0 0
  256 -2.75 0 0 0
  257 -2.65 0 0 0
  258 -2.55 0 0 0
  259 -2.45 0 0 0
  260 -2.35 0 0 0
  261 -2.25 0 0 0
  262 -2.15 0 0 0
  263 -2.05 0 0 0
  264 -1.95 0 0 0
  265 -1.85 0 0 0
  266 -1.75 0 0 0
  267 -1.65 0 0 0
  268 -1.55 0 0 0
  269 -1.45 0 0 0
  270 -1.35 0 0 0
  271 -1.25 0 0 0
  272 -1.15 0 0 0
  273 -1.05 0 0 0
  274 -0.95 0 0 0
  275 -0.85 0 0 0
  276 -0.75 0 0 0
  277 -0.65 0 0 0
  278 -0.55 0 0 0
  279 -0.45 0 0 0
  280 -0.35 0 0 0
  281 -0.25 0 0 0
  282 -0.15 0 0 0
  283 -0.05 0 0 0
  284 0.05 0 0 0
  285 0.15 0 0 0
  286 0.25 0 0 0
  287 0.35 0 0 0
  288 0.45 0 0 0
  289 0.55 0 0 0
  290 0.65 0 0 0
  291 0.75 0 0 0
  292 0.85 0 0 0
  293 0.95 0 0 0
  294 1.05 0 0 0
  295 1.15 0 0 0
  296 1.25 0 0 0
  297 1.35 0 0 0
  298 1.45 0 0 0
  299 1.55 0 0 0
  300 1.65 0 0 0
  301 1.75 0 0 0
  302 1.85 0 0 0
  303 1.95 0 0 0
  304 2.05 0 0 0
  305 2.15 0 0 0
  306 2.25 0 0 0
  307 2.35 0 0 0
  308 2.45 0 0 0
  309 2.55 0 0 0
  310 2.65 0 0 0
  311 2.75 0 0 0
  312 2.85 0 0 0
  313 2.95 0 0 0
  314 3.05 0 0 0
  315 3.15 0 0 0
  316 3.25 0 0 0
  317 3.35 0 0 0
  318 3.45 0 0 0
  319 3.55 0 0 0
  320 3.65 0 0 0
  321 3.75 0 0 0
  322 3.85 0 0 0
  323 3.95 0 0 0
  324 4.05 0 0 0
  325 4.15 0 0 0
  326 4.25 0 0 0
  327 4.35 0 0 0
  328 4.45 0 0 0
  329 4.55 0 0 0
  330 4.65 0 0 0
  331 4.75 0 0 0
  332 4.85 0 0 0
  333 4.95 0 0 0
  334 5.05 0 0 0
  335 5.15 0 0 0
  336 5.25 0 0 0
  337 5.35 0 0 0
  338 5.45 0 0 0
  339 5.55 0 0 0
  340 5.65 0 0 0
  341 5.75 0 0 0
  342 5.85 0 0 0
  343 5.95 0 0 0
  344 6.05 0 0 0
  345 6.15 0 0 0
  346 6.25 0 0 0
  347 6.35 0 0 0
  348 6.45 0 0 0
  349 6.55 0 0 0
  350 6.65 0 0 0
  351 6.75 0 0 0
  352 6.85 0 0 0
  353 6.95 0 0 0
  354 7.05 0 0 0
  355 7.15 0 0 0
  356 7.25 0 0 0
  357 7.35 0 0 0
  358 7.45 0 0 0
  359 7.55 0 0 0
  360 7.65 0 0 0
  361 7.75 0 0 0
  362 7.85 0 0 0
  363 7.95 0 0 0
  364 8.05 0 0 0
  365 8.15 0 0 0
  366 8.25 0 0 0
  367 8.35 0 0 0
  368 8.45 0 0 0
  369 8.55 0 0 0
  370 8.65 3.15789e-05 2.40795e-05 -0.00165482
  371 8.75 0.0136105 0.0103783 -0.000168907
  372 8.85 1.28114 0.976889 -4.25896e-06
  373 8.95 17.9633 13.6974 -1.95289e-06
  374 9.05 38.9719 29.7168 -1.59765e-07
  375 9.15 13.1675 10.0405 3.21796e-06
  376 9.25 0.599558 0.457173 9.46263e-06
  377 9.35 0.00293684 0.00223939 0.0002081
  378 9.45 0 0 0
  379 9.55 0 0 0
  380 9.65 0 0 0
  381 9.75 0 0 0
  382 9.85 0 0 0
  383 9.95 0 0 0
  384 10.05 0 0 0
  385 10.15 0 0 0
  386 10.25 0 0 0
  387 10.35 0 0 0
  388 10.45 0 0 0
  389 10.55 0 0 0
  390 10.65 0 0 0
  391 10.75 0.000557895 0.000425405 0.00016077
  392 10.85 0.267316 0.203833 -4.12079e-07
  393 10.95 11.8952 9.0703 -6.35623e-07
  394 11.05 43.0653 32.8381 -3.16464e-06
  395 11.15 16.2023 12.3545 9.43759e-06
  396 11.25 0.567832 0.432982 -1.84225e-05
  397 11.35 0.00151579 0.00115582 8.7065e-05
  398 11.45 0 0 0
  399 11.55 0 0 0
  400 11.65 0 0 0
  401 11.75 0 0 0
  402 11.85 0 0 0
  403 11.95 0 0 0
  404 12.05 0 0 0
  405 12.15 0 0 0
  406 12.25 0 0 0
  407 12.35 0 0 0
  408 12.45 0 0 0
  409 12.55 0 0 0
  410 12.65 0 0 0
  411 12.75 0.000842105 0.00064212 -1.48105e-05
  412 12.85 0.290411 0.221443 3.49799e-05
  413 12.95 8.85974 6.75571 2.21749e-06
  414 13.05 36.0371 27.4789 4.04571e-07
  415 13.15 23.9349 18.2508 -2.45384e-06
  416 13.25 2.81506 2.14654 3.69221e-06
  417 13.35 0.0615053 0.0468989 5.10782e-05
  418 13.45 0.0004 0.000305007 -0.00066556
  419 13.55 0 0 0
  420 13.65 0 0 0
  421 13.75 0 0 0
  422 13.85 0 0 0
  423 13.95 0 0 0
  424 14.05 0 0 0
  425 14.15 0 0 0
  426 14.25 0 0 0
  427 14.35 0 0 0
  428 14.45 0 0 0
  429 14.55 0 0 0
  430 14.65 0 0 0
  431 14.75 0 0 0
  432 14.85 0 0 0
  433 14.95 0 0 0
  434 15.05 0 0 0
  435 15.15 0 0 0
  436 15.25 0 0 0
  437 15.35 0 0 0
  438 15.45 0 0 0
  439 15.55 0 0 0
  440 15.65 0 0 0
  441 15.75 0 0 0
  442 15.85 0 0 0
  443 15.95 0 0 0
  444 16.05 0 0 0
  445 16.15 0 0 0
  446 16.25 0 0 0
  447 16.35 0 0 0
  448 16.45 0 0 0
  449 16.55 0 0 0
  450 16.65 0 0 0
  451 16.75 0 0 0
  452 16.85 0 0 0
  453 16.95 0 0 0
  454 17.05 0 0 0
  455 17.15 0 0 0
  456 17.25 0 0 0
  457 17.35 0 0 0
  458 17.45 0 0 0
  459 17.55 0 0 0
  460 17.65 0 0 0
  461 17.75 0 0 0
  462 17.85 0 0 0
  463 17.95 0 0 0
  464 18.05 0 0 0
  465 18.15 0 0 0
  466 18.25 0 0 0
  467 18.35 0 0 0
  468 18.45 0 0 0
  469 18.55 0 0 0
  470 18.65 0 0 0
  471 18.75 0 0 0
  472 18.85 0 0 0
  473 18.95 0 0 0
  474 19.05 0 0 0
  475 19.15 0 0 0
  476 19.25 0 0 0
  477 19.35 0 0 0
  478 19.45 0 0 0
  479 19.55 0 0 0
  480 19.65 0 0 0
  481 19.75 0 0 0
  482 19.85 0 0 0
  483 19.95 0 0 0
  484 20.05 0 0 0
  485 20.15 0 0 0
  486 20.25 0 0 0
  487 20.35 0 0 0
  488 20.45 0 0 0
  489 20.55 0 0 0
  490 20.65 0 0 0
  491 20.75 0 0 0
  492 20.85 0 0 0
  493 20.95 0 0 0
  494 21.05 0 0 0
  495 21.15 0 0 0
  496 21.25 0 0 0
  497 21.35 0 0 0
  498 21.45 0 0 0
  499 21.55 0 0 0
  500 21.65 0 0 0
  501 21.75 0 0 0
  502 21.85 0 0 0
  503 21.95 0 0 0
  504 22.05 0 0 0
  505 22.15 0 0 0
  506 22.25 0 0 0
  507 22.35 0 0 0
  508 22.45 0 0 0
  509 22.55 0 0 0
  510 22.65 0 0 0
  511 22.75 0 0 0
  512 22.85 0 0 0
  513 22.95 0 0 0
  514 23.05 0 0 0
  515 23.15 0 0 0
  516 23.25 0 0 0
  517 23.35 0 0 0
  518 23.45 0 0 0
  519 23.55 0 0 0
  520 23.65 0 0 0
  521 23.75 0 0 0
  522 23.85 0 0 0
  523 23.95 0 0 0
  524 24.05 0 0 0
  525 24.15 0 0 0
  526 24.25 0 0 0
  527 24.35 0 0 0
  528 24.45 0 0 0
  529 24.55 0 0 0
  530 24.65 0 0 0
  531 24.75 0 0 0
  532 24.85 0 0 0
  533 24.95 0 0 0
  534 25.05 0 0 0
  535 25.15 0 0 0
  536 25.25 0 0 0
  537 25.35 0 0 0
  538 25.45 0 0 0
  539 25.55 0 0 0
  540 25.65 0 0 0
  541 25.75 0 0 0
  542 25.85 0 0 0
  543 25.95 0 0 0
  544 26.05 0 0 0
  545 26.15 0 0 0
  546 26.25 0 0 0
  547 26.35 0 0 0
  548 26.45 0 0 0
  549 26.55 0 0 0
  550 26.65 0 0 0
  551 26.75 0 0 0
  552 26.85 0 0 0
  553 26.95 0 0 0
  554 27.05 0 0 0
  555 27.15 0 0 0
  556 27.25 0 0 0
  557 27.35 0 0 0
  558 27.45 0 0 0
  559 27.55 0 0 0
  560 27.65 0 0 0
  561 27.75 0 0 0
  562 27.85 0 0 0
  563 27.95 0 0 0
  564 28.05 0 0 0
  565 28.15 0 0 0
  566 28.25 0 0 0
