# Time-averaged data for fix myat3
# TimeStep c_sumcoor12
0 0.933
100 1.21237
200 1.41225
300 1.59106
400 1.77188
500 1.9515
600 2.13437
700 2.319
800 2.48156
900 2.66706
1000 2.83631
1100 2.99825
1200 3.18138
1300 3.31894
1400 3.46813
1500 3.61863
1600 3.73519
1700 3.83237
1800 3.94775
1900 4.02006
2000 4.10612
2100 4.15675
2200 4.23056
2300 4.25944
2400 4.31719
2500 4.32756
2600 4.35288
2700 4.34444
2800 4.32362
2900 4.33563
3000 4.33863
3100 4.33537
3200 4.3455
3300 4.32188
3400 4.319
3500 4.2785
3600 4.28619
3700 4.27363
3800 4.25363
3900 4.21769
4000 4.237
4100 4.20431
4200 4.18756
4300 4.18219
4400 4.14306
4500 4.19206
4600 4.16469
4700 4.13475
4800 4.12906
4900 4.116
5000 4.093
5100 4.09106
5200 4.0845
5300 4.08006
5400 4.09531
5500 4.0825
5600 4.073
5700 4.06556
5800 4.01675
5900 4.03406
6000 4.01837
6100 4.01256
6200 3.99356
6300 4.01706
6400 4.00206
6500 3.99619
6600 3.998
6700 3.95737
6800 3.94525
6900 3.92956
7000 3.90281
7100 3.90669
7200 3.88925
7300 3.91588
7400 3.86006
7500 3.86563
7600 3.87719
7700 3.86
7800 3.86406
7900 3.86344
8000 3.83275
8100 3.83562
8200 3.82806
8300 3.83869
8400 3.81606
8500 3.82063
8600 3.79925
8700 3.82
8800 3.79456
8900 3.82238
9000 3.79781
9100 3.78638
9200 3.76256
9300 3.74019
9400 3.76356
9500 3.79169
9600 3.74919
9700 3.75862
9800 3.73825
9900 3.73731
10000 3.70812
10100 3.72544
10200 3.69956
10300 3.70869
10400 3.72006
10500 3.70969
10600 3.68375
10700 3.69281
10800 3.69081
10900 3.68219
11000 3.68487
11100 3.67238
11200 3.67769
11300 3.6655
11400 3.675
11500 3.66806
11600 3.64081
11700 3.66469
11800 3.656
11900 3.66038
12000 3.65062
12100 3.64719
12200 3.63738
12300 3.63325
12400 3.63019
12500 3.62094
12600 3.62031
12700 3.61394
12800 3.61525
12900 3.64875
13000 3.62225
13100 3.66
13200 3.61656
13300 3.59419
13400 3.61594
13500 3.59138
13600 3.60569
13700 3.57969
13800 3.56712
13900 3.5785
14000 3.57394
14100 3.55662
14200 3.54744
14300 3.56594
14400 3.53963
14500 3.56288
14600 3.56406
14700 3.55694
14800 3.56513
14900 3.56006
15000 3.56087
15100 3.57744
15200 3.57394
15300 3.56356
15400 3.56006
15500 3.55388
15600 3.51987
15700 3.56481
15800 3.54075
15900 3.54625
16000 3.53331
16100 3.55356
16200 3.54838
16300 3.53938
16400 3.5085
16500 3.50156
16600 3.51363
16700 3.52644
16800 3.51731
16900 3.52819
17000 3.5255
17100 3.52519
17200 3.5315
17300 3.48775
17400 3.47644
17500 3.46581
17600 3.46519
17700 3.48925
17800 3.47838
17900 3.47025
18000 3.4815
18100 3.48269
18200 3.48663
18300 3.46294
18400 3.44619
18500 3.46881
18600 3.45581
18700 3.44681
18800 3.44606
18900 3.43675
19000 3.465
19100 3.44713
19200 3.45463
19300 3.46219
19400 3.44106
19500 3.44675
19600 3.41281
19700 3.44156
19800 3.44738
19900 3.41988
20000 3.43219
20100 3.41119
20200 3.42156
20300 3.40813
20400 3.43225
20500 3.42444
20600 3.41931
20700 3.41606
20800 3.41325
20900 3.40163
21000 3.42125
21100 3.41731
21200 3.4385
21300 3.43256
21400 3.44281
21500 3.44338
21600 3.42281
21700 3.42725
21800 3.41613
21900 3.40619
22000 3.39162
22100 3.38075
22200 3.4235
22300 3.40356
22400 3.40881
22500 3.40788
22600 3.39731
22700 3.40319
22800 3.38912
22900 3.40037
23000 3.40238
23100 3.39681
23200 3.36994
23300 3.35231
23400 3.38819
23500 3.36281
23600 3.37625
23700 3.36644
23800 3.37944
23900 3.36238
24000 3.36381
24100 3.35644
24200 3.353
24300 3.331
24400 3.34906
24500 3.34731
24600 3.35113
24700 3.3815
24800 3.33544
24900 3.33506
25000 3.34575
25100 3.33862
25200 3.32381
25300 3.35188
25400 3.33744
25500 3.37019
25600 3.31175
25700 3.29162
25800 3.31438
25900 3.31813
26000 3.29119
26100 3.2945
26200 3.29656
26300 3.29206
26400 3.3045
26500 3.30075
26600 3.27562
26700 3.2895
26800 3.29237
26900 3.30575
27000 3.28481
27100 3.30369
27200 3.29581
27300 3.29531
27400 3.28456
27500 3.31038
27600 3.29369
27700 3.27681
27800 3.28912
27900 3.29869
28000 3.29525
28100 3.29619
28200 3.29106
28300 3.28225
28400 3.29738
28500 3.28744
28600 3.25681
28700 3.27875
28800 3.30231
28900 3.26831
29000 3.27275
29100 3.30938
29200 3.27256
29300 3.29706
29400 3.29588
29500 3.29275
29600 3.28669
29700 3.28662
29800 3.291
29900 3.29688
30000 3.30037
30100 3.27325
30200 3.301
30300 3.27669
30400 3.263
30500 3.21544
30600 3.257
30700 3.26675
30800 3.23556
30900 3.24731
31000 3.2755
31100 3.28012
31200 3.25275
31300 3.25031
31400 3.248
31500 3.2565
31600 3.2415
31700 3.25381
31800 3.23913
31900 3.24306
32000 3.28569
32100 3.29544
32200 3.2465
32300 3.25081
32400 3.27419
32500 3.24969
32600 3.26356
32700 3.24481
32800 3.25563
32900 3.25225
33000 3.23256
33100 3.25787
33200 3.27694
33300 3.25906
33400 3.251
33500 3.27506
33600 3.26187
33700 3.25588
33800 3.26431
33900 3.25775
34000 3.25194
34100 3.26625
34200 3.21375
34300 3.26
34400 3.25062
34500 3.2485
34600 3.24625
34700 3.25981
34800 3.23712
34900 3.26337
35000 3.23919
35100 3.25625
35200 3.25575
35300 3.26863
35400 3.22569
35500 3.23862
35600 3.24456
35700 3.25088
35800 3.23537
35900 3.21537
36000 3.22675
36100 3.22494
36200 3.24856
36300 3.22219
36400 3.23481
36500 3.23325
36600 3.23781
36700 3.23537
36800 3.25675
36900 3.222
37000 3.22506
37100 3.24044
37200 3.23994
37300 3.2125
37400 3.22381
37500 3.25488
37600 3.21444
37700 3.21844
37800 3.23113
37900 3.22031
38000 3.21594
38100 3.21981
38200 3.19413
38300 3.21675
38400 3.19606
38500 3.19344
38600 3.2005
38700 3.21281
38800 3.19975
38900 3.18669
39000 3.1645
39100 3.2145
39200 3.18688
39300 3.21062
39400 3.20056
39500 3.19981
39600 3.20737
39700 3.21294
39800 3.19219
39900 3.18412
40000 3.18
40100 3.18475
40200 3.18812
40300 3.19931
40400 3.20538
40500 3.19975
40600 3.18838
40700 3.20219
40800 3.18187
40900 3.187
41000 3.17263
41100 3.18406
41200 3.17256
41300 3.1765
41400 3.153
41500 3.17194
41600 3.15762
41700 3.17106
41800 3.15537
41900 3.16231
42000 3.14281
42100 3.15
42200 3.17794
42300 3.16063
42400 3.162
42500 3.18444
42600 3.15856
42700 3.16556
42800 3.13819
42900 3.13544
43000 3.16431
43100 3.14875
43200 3.16506
43300 3.15919
43400 3.13738
43500 3.12787
43600 3.1265
43700 3.15937
43800 3.13106
43900 3.10775
44000 3.142
44100 3.15163
44200 3.14481
44300 3.1365
44400 3.13025
44500 3.13956
44600 3.14644
44700 3.1265
44800 3.11925
44900 3.12825
45000 3.14369
45100 3.12781
45200 3.13262
45300 3.1295
45400 3.12688
45500 3.14444
45600 3.12038
45700 3.11837
45800 3.1165
45900 3.127
46000 3.12012
46100 3.12106
46200 3.12012
46300 3.11431
46400 3.11775
46500 3.12169
46600 3.11744
46700 3.14087
46800 3.10188
46900 3.10781
47000 3.10381
47100 3.09912
47200 3.09987
47300 3.13425
47400 3.09481
47500 3.11738
47600 3.12456
47700 3.09681
47800 3.12462
47900 3.093
48000 3.12156
48100 3.11769
48200 3.10831
48300 3.12231
48400 3.09456
48500 3.10606
48600 3.09169
48700 3.09956
48800 3.13331
48900 3.10838
49000 3.115
49100 3.10281
49200 3.09531
49300 3.10363
49400 3.10025
49500 3.10562
49600 3.11388
49700 3.11431
49800 3.10706
49900 3.10294
50000 3.10363
50100 3.10725
50200 3.11362
50300 3.09175
50400 3.10619
50500 3.10738
50600 3.096
50700 3.09644
50800 3.13563
50900 3.11088
51000 3.10581
51100 3.09625
51200 3.12062
51300 3.09081
51400 3.10756
51500 3.12825
51600 3.08381
51700 3.10275
51800 3.10994
51900 3.103
52000 3.11106
52100 3.08363
52200 3.075
52300 3.07469
52400 3.05587
52500 3.08812
52600 3.05981
52700 3.05956
52800 3.06856
52900 3.08113
53000 3.06569
53100 3.07425
53200 3.08269
53300 3.06469
53400 3.05138
53500 3.04494
53600 3.04219
53700 3.05969
53800 3.04519
53900 3.05031
54000 3.04663
54100 3.04738
54200 3.04569
54300 3.05794
54400 3.05337
54500 3.05619
54600 3.04206
54700 3.05538
54800 3.05756
54900 3.04919
55000 3.03025
55100 3.05219
55200 3.04044
55300 3.02862
55400 3.02344
55500 3.04856
55600 3.02325
55700 3.02212
55800 3.02844
55900 3.02287
56000 3.02644
56100 3.04387
56200 3.05631
56300 3.04363
56400 3.04537
56500 3.0315
56600 3.05306
56700 3.03056
56800 3.04062
56900 3.03475
57000 3.04513
57100 3.01538
57200 3.04644
57300 3.03688
57400 3.03288
57500 3.01519
57600 3.01475
57700 3.03494
57800 3.04162
57900 3.00244
58000 3.03531
58100 3.04637
58200 3.02838
58300 3.03112
58400 3.023
58500 3.01975
58600 2.98694
58700 3.01169
58800 3.0105
58900 3.02519
59000 3.01688
59100 3.01806
59200 2.99656
59300 3.02325
59400 2.99713
59500 3.00431
59600 3.02888
59700 3.01575
59800 3.02394
59900 2.98956
60000 3.00862
60100 3.01669
60200 3.02131
60300 3.00656
60400 3.00588
60500 3.02744
60600 3.03069
60700 3.00588
60800 3.004
60900 2.98975
61000 3.00956
61100 2.99894
61200 2.99381
61300 2.99006
61400 3.00944
61500 2.996
61600 3.00125
61700 3.01394
61800 2.98494
61900 2.98275
62000 2.96813
62100 2.97981
62200 2.99531
62300 2.9865
62400 2.96956
62500 2.97463
62600 2.97788
62700 2.98612
62800 2.98869
62900 2.97681
63000 2.9855
63100 2.98644
63200 2.98937
63300 2.9825
63400 2.98794
63500 2.968
63600 2.94444
63700 2.96944
63800 2.96206
63900 2.98606
64000 2.97356
64100 2.969
64200 2.98319
64300 2.98056
64400 2.94856
64500 2.95556
64600 2.97244
64700 2.94819
64800 2.94387
64900 2.94819
65000 2.95656
65100 2.95075
65200 2.94544
65300 2.96356
65400 2.92856
65500 2.92856
65600 2.96113
65700 2.94881
65800 2.94569
65900 2.93863
66000 2.9375
66100 2.96169
66200 2.95887
66300 2.91981
66400 2.96169
66500 2.95763
66600 2.95681
66700 2.96475
66800 2.939
66900 2.95694
67000 2.95113
67100 2.95194
67200 2.95406
67300 2.964
67400 2.95131
67500 2.94588
67600 2.93919
67700 2.9615
67800 2.93975
67900 2.96856
68000 2.936
68100 2.93425
68200 2.93594
68300 2.94425
68400 2.93675
68500 2.95044
68600 2.93831
68700 2.95106
68800 2.93194
68900 2.95569
69000 2.92437
69100 2.92687
69200 2.92275
69300 2.94094
69400 2.92644
69500 2.944
69600 2.93094
69700 2.93613
69800 2.92694
69900 2.93213
70000 2.92644
70100 2.94094
70200 2.93181
70300 2.93606
70400 2.91469
70500 2.91956
70600 2.89913
70700 2.92231
70800 2.91875
70900 2.915
71000 2.89475
71100 2.93538
71200 2.91219
71300 2.92988
71400 2.91425
71500 2.91312
71600 2.91369
71700 2.90638
71800 2.90106
71900 2.91075
72000 2.89756
72100 2.90344
72200 2.89763
72300 2.87544
72400 2.88169
72500 2.90494
72600 2.90425
72700 2.92019
72800 2.906
72900 2.8885
73000 2.90013
73100 2.89725
73200 2.91231
73300 2.87281
73400 2.89625
73500 2.88713
73600 2.90362
73700 2.89931
73800 2.89725
73900 2.87475
74000 2.89787
74100 2.88488
74200 2.88356
74300 2.883
74400 2.8865
74500 2.89575
74600 2.88131
74700 2.90581
74800 2.88206
74900 2.89656
75000 2.87938
75100 2.88544
75200 2.86719
75300 2.89113
75400 2.88238
75500 2.89969
75600 2.86738
75700 2.87175
75800 2.88031
75900 2.88569
76000 2.88587
76100 2.87538
76200 2.87319
76300 2.88338
76400 2.8825
76500 2.86963
76600 2.87875
76700 2.86544
76800 2.87213
76900 2.86831
77000 2.87644
77100 2.84863
77200 2.86937
77300 2.87812
77400 2.86638
77500 2.87119
77600 2.85475
77700 2.87969
77800 2.86606
77900 2.87356
78000 2.86937
78100 2.85325
78200 2.88756
78300 2.869
78400 2.87181
78500 2.87237
78600 2.84856
78700 2.849
78800 2.85856
78900 2.85081
79000 2.86362
79100 2.83937
79200 2.8535
79300 2.83044
79400 2.84694
79500 2.84794
79600 2.852
79700 2.84388
79800 2.85094
79900 2.82519
80000 2.81988
80100 2.84138
80200 2.85369
80300 2.85744
80400 2.87363
80500 2.83425
80600 2.83769
80700 2.81062
80800 2.81013
80900 2.80931
81000 2.8545
81100 2.84844
81200 2.85356
81300 2.827
81400 2.846
81500 2.8355
81600 2.84437
81700 2.82412
81800 2.82531
81900 2.84544
82000 2.83581
82100 2.83794
82200 2.86569
82300 2.84744
82400 2.84294
82500 2.8615
82600 2.82969
82700 2.83637
82800 2.86175
82900 2.857
83000 2.86444
83100 2.86813
83200 2.85781
83300 2.86488
83400 2.83406
83500 2.83131
83600 2.84881
83700 2.84287
83800 2.83569
83900 2.85656
84000 2.861
84100 2.83206
84200 2.84175
84300 2.83231
84400 2.84494
84500 2.825
84600 2.83119
84700 2.82881
84800 2.84475
84900 2.82181
85000 2.82881
85100 2.81644
85200 2.82231
85300 2.8285
85400 2.8405
85500 2.84356
85600 2.81369
85700 2.83419
85800 2.81075
85900 2.83562
86000 2.80219
86100 2.8445
86200 2.81125
86300 2.83981
86400 2.82056
86500 2.81181
86600 2.83244
86700 2.82831
86800 2.82356
86900 2.82581
87000 2.79994
87100 2.82625
87200 2.8015
87300 2.8025
87400 2.79594
87500 2.79637
87600 2.80581
87700 2.80362
87800 2.77625
87900 2.79675
88000 2.80587
88100 2.80863
88200 2.80306
88300 2.80025
88400 2.80269
88500 2.79781
88600 2.79756
88700 2.79162
88800 2.79231
88900 2.78269
89000 2.79444
89100 2.78156
89200 2.80069
89300 2.7905
89400 2.82019
89500 2.79769
89600 2.77581
89700 2.768
89800 2.81663
89900 2.77831
90000 2.79619
90100 2.77675
90200 2.79088
90300 2.78494
90400 2.77806
90500 2.795
90600 2.79825
90700 2.79619
90800 2.80812
90900 2.80394
91000 2.80262
91100 2.79431
91200 2.77325
91300 2.77256
91400 2.79787
91500 2.77844
91600 2.78337
91700 2.79844
91800 2.77669
91900 2.78238
92000 2.79856
92100 2.79125
92200 2.81006
92300 2.78875
92400 2.78
92500 2.78863
92600 2.78
92700 2.76788
92800 2.78119
92900 2.78213
93000 2.77544
93100 2.76812
93200 2.77062
93300 2.77731
93400 2.78125
93500 2.77931
93600 2.77956
93700 2.77862
93800 2.78869
93900 2.7945
94000 2.78613
94100 2.80856
94200 2.79819
94300 2.79456
94400 2.81594
94500 2.79894
94600 2.79044
94700 2.79681
94800 2.77731
94900 2.80831
95000 2.79569
95100 2.79069
95200 2.77663
95300 2.78887
95400 2.77694
95500 2.80938
95600 2.78644
95700 2.78412
95800 2.77588
95900 2.77862
96000 2.77062
96100 2.75062
96200 2.74644
96300 2.75694
96400 2.76194
96500 2.76181
96600 2.78231
96700 2.774
96800 2.74594
96900 2.78781
97000 2.77212
97100 2.74594
97200 2.76925
97300 2.75163
97400 2.76956
97500 2.78294
97600 2.77194
97700 2.76219
97800 2.74206
97900 2.75206
98000 2.74262
98100 2.752
98200 2.76037
98300 2.74694
98400 2.74538
98500 2.762
98600 2.73644
98700 2.74463
98800 2.75431
98900 2.75113
99000 2.77244
99100 2.7405
99200 2.75225
99300 2.73431
99400 2.7375
99500 2.73381
99600 2.73712
99700 2.74931
99800 2.7435
99900 2.74388
100000 2.72975
