# Time-averaged data for fix myat1
# TimeStep v_vcm_fluid
1000 0.000141928
2000 0.000401295
3000 0.000348014
4000 0.00025416
5000 0.000574679
6000 0.000484426
7000 0.00058159
8000 0.000572983
9000 0.000231657
10000 -3.21992e-06
11000 -1.06094e-05
12000 0.000277679
13000 0.000513795
14000 0.000307503
15000 3.67864e-05
16000 7.209e-05
17000 0.000174861
18000 0.000132272
19000 0.000120914
20000 0.000180277
21000 0.000104879
22000 0.000204596
23000 0.000323995
24000 4.68673e-05
25000 0.00024139
26000 0.000330063
27000 0.000138729
28000 0.000212984
29000 0.000144287
30000 0.00010088
31000 -3.69947e-06
32000 -1.57441e-05
33000 0.000384191
34000 0.000727617
35000 0.000431821
36000 0.00016881
37000 0.000368226
38000 0.000397605
39000 0.000268283
40000 0.000325131
41000 0.000602216
42000 0.000861078
43000 0.000398669
44000 0.000160802
45000 0.000151138
46000 0.00031228
47000 0.00038158
48000 0.000322079
49000 0.000389096
50000 0.000311732
51000 0.000173941
52000 0.000259018
53000 0.000352649
54000 0.000436059
55000 0.000360834
56000 9.7327e-05
57000 0.000359339
58000 0.00025576
59000 2.727e-06
60000 6.10686e-05
61000 0.000344134
62000 0.000396939
63000 0.000301233
64000 0.000314525
65000 0.000179242
66000 0.000259142
67000 0.000283037
68000 0.00011735
69000 -1.57904e-05
70000 0.000325663
71000 8.36025e-05
72000 0.000108892
73000 0.000400823
74000 0.000208786
75000 -0.000120414
76000 -8.85296e-05
77000 9.42023e-05
78000 -6.01143e-05
79000 0.000112538
80000 0.000513504
81000 0.000343602
82000 0.000278417
83000 0.000262239
84000 0.00012323
85000 9.39491e-05
86000 0.000191095
87000 0.000200603
88000 0.000119005
89000 0.00035077
90000 0.000190135
91000 -9.08846e-05
92000 9.94263e-05
93000 0.000310757
94000 0.000314955
95000 6.12238e-05
96000 7.34027e-05
97000 3.29334e-05
98000 -1.12632e-05
99000 1.12874e-05
100000 0.0001874
101000 0.000275612
102000 0.000173126
103000 -7.60836e-07
104000 8.58302e-05
105000 0.000156582
106000 0.000109788
107000 6.01278e-05
108000 6.19615e-05
109000 0.000187144
110000 0.000335053
111000 0.000211391
112000 7.36974e-05
113000 9.04206e-06
114000 1.11655e-05
115000 -4.84925e-05
116000 -0.000139138
117000 0.000232965
118000 0.000277833
119000 0.000116484
120000 -2.16108e-05
121000 0.000275153
122000 0.000205386
123000 0.000327262
124000 0.000235422
125000 0.000144017
126000 4.87721e-05
127000 0.000210202
128000 0.000352556
129000 0.000115655
130000 -6.37905e-05
131000 0.000194184
132000 0.000642372
133000 0.000341729
134000 0.000284171
135000 0.000301426
136000 0.000358913
137000 0.000306315
138000 7.69472e-05
139000 0.000155734
140000 0.000311095
141000 0.000427338
142000 0.000315521
143000 0.000179653
144000 0.000255452
145000 0.000149337
146000 0.000192485
147000 0.000408744
148000 0.000375538
149000 0.000169553
150000 0.000214311
151000 0.000107878
152000 0.000319786
153000 0.000253337
154000 -0.000235711
155000 -5.06861e-05
156000 -2.46452e-05
157000 0.000124524
158000 -7.07437e-05
159000 -0.000207387
160000 -0.000160221
161000 0.000171098
162000 0.000343342
163000 3.40915e-05
164000 -4.03105e-05
165000 0.000311707
166000 0.000231338
167000 -5.16707e-05
168000 -2.48725e-05
169000 0.000337041
170000 0.000297876
171000 0.000333826
172000 0.000256552
173000 7.81527e-05
174000 -5.19663e-05
175000 0.000130114
176000 0.00031539
177000 6.42546e-05
178000 0.000216207
179000 0.000417139
180000 0.000123576
181000 3.31511e-05
182000 7.60576e-05
183000 0.000375711
184000 0.000370953
185000 0.000307304
186000 0.000139764
187000 -1.95262e-05
188000 0.000277154
189000 2.5739e-05
190000 -4.26563e-05
191000 2.54583e-05
192000 0.000165871
193000 -2.6059e-06
194000 -3.65541e-05
195000 9.2467e-05
196000 0.000169973
197000 6.9104e-05
198000 3.02799e-05
199000 0.000166905
200000 -0.000117457
201000 0.000104423
202000 0.000228394
203000 0.000199483
204000 -3.85198e-05
205000 -1.77327e-05
206000 5.90138e-05
207000 0.000177524
208000 0.000273038
209000 -0.000220373
210000 8.5958e-05
211000 0.000355616
212000 9.40864e-05
213000 1.54738e-05
214000 0.000202685
215000 0.000252536
216000 0.00017893
217000 8.47986e-05
218000 0.00031899
219000 0.000389999
220000 2.77837e-05
221000 8.18361e-05
222000 1.9167e-05
223000 -2.08325e-05
224000 -1.26989e-05
225000 0.00021335
226000 0.000539597
227000 0.000109833
228000 -4.64509e-05
229000 1.18432e-05
230000 0.000193121
231000 0.000443644
232000 0.000132069
233000 7.25511e-05
234000 7.28674e-05
235000 0.000280775
236000 0.000393623
237000 0.000400616
238000 7.54509e-05
239000 6.39112e-05
240000 0.000226731
241000 0.000215685
242000 -0.000173271
243000 -2.52532e-05
244000 0.000233949
245000 0.000121184
246000 7.18672e-05
247000 -0.000143884
248000 -4.02026e-07
249000 3.2537e-05
250000 0.000317187
251000 6.5549e-05
252000 -5.32378e-05
253000 7.92182e-05
254000 0.000118593
255000 0.000183558
256000 0.000221221
257000 0.000292822
258000 0.000289794
259000 0.000189693
260000 0.000219866
261000 0.000248817
262000 0.000119369
263000 0.000309379
264000 0.000469956
265000 0.000192448
266000 0.000162874
267000 0.000130052
268000 9.3883e-05
269000 6.27714e-05
270000 3.18433e-05
271000 0.000278903
272000 0.000249396
273000 0.000197323
274000 0.000242819
275000 4.9698e-05
276000 -7.45455e-05
277000 7.63833e-05
278000 8.51238e-05
279000 2.61848e-06
280000 0.000432965
281000 0.000248978
282000 0.00019423
283000 0.000216498
284000 0.000298616
285000 9.29138e-05
286000 4.6321e-05
287000 -4.63722e-05
288000 0.000149276
289000 0.000426602
290000 0.000332285
291000 -6.46356e-05
292000 -5.86686e-05
293000 0.000249866
294000 0.000330624
295000 0.000193288
296000 3.813e-05
297000 -1.54769e-05
298000 0.000170713
299000 0.000167478
300000 0.000240568
301000 0.000193562
302000 -2.53775e-05
303000 6.62628e-05
304000 0.00029786
305000 2.70152e-05
306000 0.000108182
307000 0.000323022
308000 0.00048239
309000 0.000484981
310000 9.29406e-05
311000 0.000164825
312000 0.000275201
313000 0.000270211
314000 0.000102102
315000 1.13902e-06
316000 6.60031e-05
317000 0.000367276
318000 0.000179125
319000 -0.00010325
320000 -5.39471e-05
321000 0.000307872
322000 0.000475691
323000 0.000345559
324000 0.00032709
325000 0.000235881
326000 0.000281485
327000 0.00018987
328000 7.66719e-05
329000 -7.85373e-06
330000 0.000107429
331000 3.64274e-05
332000 0.000154452
333000 0.000368784
334000 0.000254289
335000 0.000148236
336000 -0.000193339
337000 -1.41748e-05
338000 0.000164025
339000 -5.77415e-05
340000 3.45066e-05
341000 0.000259177
342000 0.000244244
343000 0.000164334
344000 0.000123485
345000 -2.12459e-05
346000 -1.54318e-05
347000 7.91837e-05
348000 0.000305455
349000 2.43659e-05
350000 4.79685e-05
351000 0.000333755
352000 0.000272798
353000 -5.35413e-05
354000 5.25742e-05
355000 0.000269948
356000 0.000408833
357000 0.00029872
358000 0.000350772
359000 0.000383378
360000 0.000608667
361000 0.000608478
362000 0.000415967
363000 0.000253831
364000 0.000147656
365000 0.00028893
366000 0.000456233
367000 0.000211323
368000 -7.15799e-05
369000 7.10819e-06
370000 0.000295429
371000 0.000395931
372000 -0.000101627
373000 -5.36677e-05
374000 0.000175631
375000 8.95159e-05
376000 0.000113393
377000 -8.12953e-05
378000 -1.59455e-05
379000 -0.000172594
380000 5.27699e-05
381000 0.000374556
382000 0.000167931
383000 -6.40541e-05
384000 0.000207456
385000 0.000204367
386000 0.000128427
387000 2.10546e-05
388000 0.000288266
389000 0.000160415
390000 4.22778e-05
391000 0.000224805
392000 2.47436e-06
393000 -0.000125314
394000 -1.49715e-05
395000 0.000317856
396000 0.000497155
397000 0.000514934
398000 0.000659933
399000 0.000679859
400000 0.000714804
401000 0.000548813
402000 0.000138284
403000 -0.000122289
404000 0.000395786
405000 0.000354076
406000 6.20985e-06
407000 -6.51879e-05
408000 8.78516e-05
409000 -7.20472e-05
410000 1.16875e-05
411000 -7.88247e-06
412000 0.000200034
413000 0.000356186
414000 9.59097e-05
415000 5.76539e-05
416000 9.15104e-05
417000 0.000172353
418000 3.78911e-05
419000 0.000183257
420000 0.000234582
421000 1.70054e-05
422000 -2.67215e-05
423000 6.24155e-05
424000 0.000428816
425000 0.000348625
426000 1.41645e-07
427000 -7.60949e-05
428000 0.000458118
429000 0.000253192
430000 -3.4022e-05
431000 2.44897e-05
432000 0.000214307
433000 0.000136678
434000 -2.3474e-05
435000 7.11879e-05
436000 0.000201518
437000 0.000156992
438000 0.000285908
439000 0.000262231
440000 0.000271054
441000 0.000277805
442000 0.000561012
443000 0.000186437
444000 -8.51167e-05
445000 -0.000106062
446000 0.000261733
447000 0.000284735
448000 0.000241698
449000 0.000266375
450000 0.000448745
451000 0.000560824
452000 0.000444021
453000 0.000250829
454000 9.95306e-05
455000 4.6812e-05
456000 0.000244531
457000 0.000135079
458000 3.1873e-06
459000 5.91868e-05
460000 9.7565e-05
461000 2.45925e-05
462000 0.000188301
463000 3.68587e-05
464000 3.65441e-05
465000 0.000271567
466000 0.000412142
467000 0.0002472
468000 0.000401657
469000 0.000572581
470000 0.000291645
471000 -1.71023e-05
472000 0.000259139
473000 0.000412568
474000 0.000259861
475000 0.000161258
476000 0.000170028
477000 6.28442e-05
478000 5.29581e-05
479000 0.000123294
480000 0.000239363
481000 -2.16021e-05
482000 -0.000188267
483000 4.35107e-05
484000 0.000148682
485000 0.000205365
486000 -6.90325e-05
487000 -4.43392e-05
488000 0.000238298
489000 -6.07877e-06
490000 -0.000302493
491000 0.000184063
492000 0.000155179
493000 0.000110857
494000 9.63381e-05
495000 0.000156908
496000 0.000109255
497000 0.000162571
498000 0.000372073
499000 0.000435792
500000 -2.03368e-06
501000 -0.000230858
502000 0.000164097
503000 0.000384675
504000 -4.92243e-06
505000 4.46135e-06
506000 5.24683e-05
507000 6.70284e-07
508000 -3.78158e-05
509000 0.000222431
510000 0.000186396
511000 6.50982e-05
512000 0.000247492
513000 0.000465212
514000 0.000315409
515000 -0.00010512
516000 0.000102659
517000 0.000271323
518000 7.96766e-05
519000 -0.000155993
520000 1.86835e-06
521000 1.52293e-05
522000 0.000217586
523000 0.00024962
524000 0.00028002
525000 0.000212553
526000 0.000118313
527000 0.000222212
528000 0.000323661
529000 0.000294457
530000 3.1819e-05
531000 9.26268e-05
532000 0.000205984
533000 0.000443576
534000 0.000245484
535000 -0.000115736
536000 -0.000108084
537000 -3.49103e-05
538000 0.000415933
539000 0.000275353
540000 0.000157412
541000 1.23769e-06
542000 0.000123141
543000 0.000242768
544000 0.00018317
545000 0.000120301
546000 0.000236203
547000 0.000342567
548000 0.000297489
549000 0.000361154
550000 0.000199085
551000 0.000203618
552000 7.79539e-05
553000 0.000292134
554000 0.000492632
555000 0.000425836
556000 0.000277552
557000 0.000323383
558000 0.000528105
559000 0.000178088
560000 -3.48653e-06
561000 0.00024008
562000 0.000101667
563000 -0.000109668
564000 0.000137751
565000 0.000260732
566000 -6.86051e-05
567000 4.94661e-05
568000 0.000330192
569000 0.000211021
570000 -6.92482e-05
571000 0.000105364
572000 0.000138936
573000 6.53345e-05
574000 0.000281535
575000 0.000139621
576000 3.38469e-05
577000 -1.13525e-06
578000 0.000283773
579000 0.000179538
580000 -1.82666e-05
581000 2.38215e-05
582000 -0.00020605
583000 2.53905e-06
584000 0.000295441
585000 -7.27495e-05
586000 -0.00016906
587000 -6.49661e-05
588000 -8.91453e-05
589000 0.000244024
590000 0.000325414
591000 0.000577404
592000 0.000131313
593000 -0.000230473
594000 4.71822e-05
595000 0.000418656
596000 -0.000152334
597000 -7.2124e-05
598000 0.00010113
599000 0.000519449
600000 0.000319132
601000 0.000142434
602000 0.000290558
603000 0.000234787
604000 -1.1806e-05
605000 2.53274e-05
606000 1.82287e-05
607000 5.20032e-05
608000 -4.71256e-06
609000 0.000106869
610000 0.000260021
611000 3.56782e-05
612000 -9.85221e-05
613000 2.6872e-05
614000 0.000331247
615000 0.000246068
616000 -0.000276596
617000 7.82535e-05
618000 0.000230135
619000 0.000241823
620000 0.000189585
621000 7.39333e-05
622000 0.000427366
623000 0.000253379
624000 -0.000191515
625000 -8.97595e-05
626000 0.000143562
627000 0.00015919
628000 -7.56077e-05
629000 1.38413e-05
630000 0.000288102
631000 0.000219904
632000 0.000196276
633000 0.000106783
634000 -6.3558e-05
635000 -0.000131161
636000 0.000125247
637000 0.000460476
638000 0.000431871
639000 0.000480102
640000 0.000316598
641000 0.000191632
642000 0.000141574
643000 0.00038012
644000 0.000384599
645000 0.000191803
646000 0.000285863
647000 0.00046234
648000 0.000542592
649000 0.000377646
650000 0.000183206
651000 -1.25153e-06
652000 0.000318298
653000 0.000476006
654000 0.000174536
655000 2.79841e-05
656000 -3.87544e-06
657000 0.00020269
658000 0.000204224
659000 0.000127894
660000 0.000238638
661000 -3.55458e-05
662000 0.000303844
663000 0.000239097
664000 7.83872e-05
665000 0.000146615
666000 -5.64168e-05
667000 -9.46005e-05
668000 7.702e-05
669000 -2.27992e-05
670000 -0.000207382
671000 0.000177229
672000 0.00024915
673000 -6.74955e-05
674000 -4.23763e-05
675000 0.000179434
676000 0.000252908
677000 0.000341771
678000 0.00019415
679000 0.000392286
680000 0.000288954
681000 4.00874e-05
682000 5.01476e-05
683000 0.000173923
684000 6.74136e-05
685000 8.19221e-05
686000 5.19203e-05
687000 5.48451e-05
688000 -5.82959e-05
689000 9.0299e-05
690000 3.22705e-05
691000 6.57186e-05
692000 0.000329906
693000 0.000301002
694000 0.000171713
695000 7.22053e-05
696000 0.000174863
697000 0.000288552
698000 7.49682e-05
699000 -4.35813e-05
700000 1.47943e-05
701000 0.000353854
702000 0.000530986
703000 0.000283464
704000 0.000107292
705000 0.000534149
706000 0.000603264
707000 0.000687211
708000 0.000289681
709000 -0.000210599
710000 -0.000258104
711000 0.000185873
712000 0.000335406
713000 -0.000129473
714000 -7.63838e-05
715000 -3.31876e-05
716000 0.000224788
717000 0.00030335
718000 0.000175136
719000 0.00012492
720000 0.000112852
721000 0.000109489
722000 0.0002755
723000 0.000317213
724000 -0.000101693
725000 -0.000180856
726000 0.000176906
727000 0.000410612
728000 6.68937e-05
729000 -0.000266693
730000 -5.44382e-05
731000 0.000307492
732000 0.000420648
733000 0.000170633
734000 6.65835e-05
735000 0.000500574
736000 0.000651572
737000 0.000533647
738000 0.000265302
739000 0.000437938
740000 0.000392716
741000 0.000312201
742000 0.000225131
743000 0.000116094
744000 9.33745e-05
745000 0.000211066
746000 0.000330749
747000 0.0002813
748000 0.000228388
749000 0.000119366
750000 0.000274561
751000 0.000305344
752000 0.000247456
753000 0.000282698
754000 0.00034493
755000 0.000318996
756000 0.000406716
757000 0.000194708
758000 -7.33891e-05
759000 -8.67158e-05
760000 0.000130919
761000 0.000100769
762000 0.00016065
763000 7.72163e-05
764000 0.000137117
765000 0.000132267
766000 6.48931e-05
767000 -1.25277e-05
768000 0.000132031
769000 5.5848e-05
770000 5.47628e-05
771000 0.000167529
772000 0.00024356
773000 0.000249258
774000 0.000231193
775000 9.34107e-05
776000 -2.95743e-05
777000 -6.5795e-05
778000 0.00024626
779000 0.000131322
780000 0.000450139
781000 6.45451e-05
782000 9.07513e-05
783000 0.000344838
784000 0.000479193
785000 2.45154e-05
786000 0.000154833
787000 0.000388165
788000 0.000167589
789000 0.000375839
790000 0.00036469
791000 2.06628e-05
792000 2.04406e-05
793000 0.000324867
794000 0.000200558
795000 0.000222827
796000 0.000262353
797000 4.57763e-05
798000 5.16982e-05
799000 0.000453266
800000 0.000186087
801000 5.34803e-05
802000 4.11455e-06
803000 6.84337e-07
804000 0.000295927
805000 0.000359698
806000 0.000296626
807000 0.000273399
808000 -4.23708e-05
809000 -1.29166e-06
810000 0.000247143
811000 0.000322904
812000 0.000263877
813000 0.000231402
814000 6.6889e-05
815000 -0.000130243
816000 0.000113351
817000 0.000159309
818000 0.00010831
819000 0.000145032
820000 0.000148576
821000 0.000285601
822000 0.000273093
823000 3.75253e-05
824000 0.000225008
825000 7.42312e-05
826000 -5.47224e-05
827000 4.73502e-06
828000 0.000169856
829000 7.58917e-05
830000 -4.12671e-05
831000 0.000395702
832000 6.32314e-05
833000 -0.000134113
834000 0.000202396
835000 0.000272848
836000 -6.74166e-05
837000 0.000409248
838000 0.000437981
839000 -0.000166385
840000 -0.000352502
841000 0.000418835
842000 0.000264248
843000 3.24885e-05
844000 -6.31069e-05
845000 0.000214622
846000 0.000241878
847000 0.000488438
848000 0.000451496
849000 0.000397648
850000 0.000346224
851000 1.49565e-05
852000 0.00024734
853000 0.000344414
854000 0.000145279
855000 0.000168097
856000 0.000135974
857000 -0.000155941
858000 -4.77519e-05
859000 0.000242948
860000 0.000312825
861000 7.433e-05
862000 0.00028893
863000 0.000435524
864000 0.000244388
865000 0.000149134
866000 -0.000116891
867000 0.000132769
868000 0.000428673
869000 0.000211265
870000 -1.75343e-05
871000 0.000119417
872000 0.00046501
873000 0.000328053
874000 1.74138e-05
875000 -1.89545e-05
876000 8.50676e-05
877000 0.000271291
878000 0.000163561
879000 6.61636e-05
880000 0.000177096
881000 0.000155013
882000 8.69055e-05
883000 0.000270666
884000 1.66766e-05
885000 -1.45245e-05
886000 0.000266872
887000 0.000239895
888000 0.000285284
889000 0.000180036
890000 -0.000144812
891000 -9.33745e-05
892000 0.000100979
893000 0.000384918
894000 8.80915e-05
895000 0.000121826
896000 0.000204267
897000 0.000242479
898000 0.000107567
899000 0.000135901
900000 0.000291453
901000 0.000161872
902000 0.000135572
903000 -8.87795e-05
904000 -6.15215e-05
905000 0.000259091
906000 0.000381071
907000 0.00014914
908000 0.000265374
909000 0.000210069
910000 0.000282352
911000 1.53107e-05
912000 0.00010781
913000 9.30494e-05
914000 0.000205022
915000 0.0001173
916000 0.000114873
917000 0.000139379
918000 0.000135408
919000 0.000134373
920000 -3.94278e-05
921000 0.000208956
922000 0.000183018
923000 -1.53952e-05
924000 9.53024e-05
925000 0.000344488
926000 -0.000105329
927000 7.82068e-05
928000 0.000235027
929000 0.000222561
930000 0.000367468
931000 0.000128322
932000 7.16703e-05
933000 9.29342e-05
934000 -2.61195e-05
935000 0.00013453
936000 -1.79614e-06
937000 0.000113326
938000 -3.97678e-05
939000 -9.6613e-06
940000 0.000141421
941000 -4.33445e-06
942000 0.000302067
943000 0.00019808
944000 3.98739e-06
945000 1.23042e-05
946000 0.000194894
947000 0.000336585
948000 0.000503267
949000 7.92202e-05
950000 -0.000133662
951000 8.05413e-05
952000 -9.14303e-05
953000 0.000105242
954000 7.65679e-05
955000 0.000180001
956000 0.000322636
957000 0.000461749
958000 -0.000128057
959000 -0.000157291
960000 0.000209145
961000 0.000224856
962000 0.00010078
963000 -0.000130699
964000 -0.000129447
965000 3.34025e-05
966000 0.000155778
967000 -0.0001166
968000 -0.000286265
969000 0.00015363
970000 0.000415468
971000 0.00014857
972000 0.000262133
973000 0.000247699
974000 7.67733e-05
975000 8.07196e-05
976000 0.000201596
977000 0.000252833
978000 0.00013095
979000 -4.42818e-05
980000 0.000135504
981000 0.000430827
982000 0.000379158
983000 0.000410163
984000 0.000353002
985000 0.000318633
986000 1.09971e-05
987000 -9.38734e-05
988000 1.32365e-05
989000 0.000204768
990000 0.000148081
991000 9.79179e-05
992000 0.000275946
993000 -8.10148e-05
994000 -8.55836e-06
995000 0.000209714
996000 0.000195833
997000 0.000583303
998000 0.000426232
999000 0.000158255
1000000 -8.79256e-05
