# Time-averaged data for fix myat2
# TimeStep v_delta_x
100 22.0428
200 22.4208
300 23.1098
400 23.5703
500 23.8613
600 24.6599
700 25.7338
800 26.6582
900 26.6492
1000 26.7892
1100 26.7981
1200 27.0194
1300 26.8568
1400 27.0977
1500 27.7658
1600 27.7074
1700 27.3132
1800 27.1852
1900 27.2408
2000 27.4503
2100 27.8075
2200 27.5192
2300 27.8753
2400 27.964
2500 27.6775
2600 26.9716
2700 26.5655
2800 26.697
2900 27.3149
3000 28.2539
3100 28.5221
3200 28.5556
3300 28.6603
3400 28.6854
3500 29.2987
3600 29.8589
3700 30.0813
3800 30.7525
3900 31.4138
4000 31.3327
4100 31.6137
4200 31.6552
4300 31.5478
4400 31.0362
4500 30.9475
4600 30.3969
4700 29.0169
4800 28.2391
4900 28.0245
5000 28.2723
5100 28.4386
5200 28.8794
5300 29.5271
5400 29.6701
5500 29.675
5600 28.8231
5700 28.6928
5800 28.6111
5900 27.8207
6000 27.1088
6100 27.1206
6200 26.7203
6300 26.4029
6400 26.0944
6500 26.0628
6600 26.1812
6700 26.5851
6800 26.2955
6900 25.8777
7000 25.271
7100 24.4672
7200 24.215
7300 23.434
7400 22.2775
7500 21.8648
7600 21.9602
7700 22.5337
7800 22.9859
7900 22.745
8000 22.3903
8100 21.6611
8200 20.4802
8300 20.4852
8400 21.2437
8500 21.4313
8600 21.2192
8700 21.2654
8800 21.3256
8900 21.5113
9000 21.8606
9100 22.1958
9200 22.1767
9300 21.8973
9400 21.8025
9500 21.6457
9600 21.1449
9700 20.7677
9800 20.3798
9900 20.2465
10000 20.253
10100 20.031
10200 19.5574
10300 18.3452
10400 17.1841
10500 17.3366
10600 17.5753
10700 18.015
10800 19.5074
10900 20.0892
11000 19.3744
11100 19.038
11200 19.2781
11300 19.8695
11400 20.3037
11500 20.6692
11600 20.6726
11700 20.641
11800 21.0003
11900 21.2135
12000 21.8413
12100 22.8222
12200 23.0218
12300 23.3063
12400 24.2945
12500 25.3443
12600 26.3347
12700 27.4111
12800 28.5178
12900 29.4165
13000 29.6061
13100 30.3971
13200 31.0882
13300 31.5587
13400 31.6591
13500 32.1498
13600 32.2409
13700 32.187
13800 32.5739
13900 33.1433
14000 33.4244
14100 33.5573
14200 33.2875
14300 33.3948
14400 33.3422
14500 33.3515
14600 33.4177
14700 33.4758
14800 33.4142
14900 33.0691
15000 32.9106
15100 33.273
15200 33.3988
15300 33.4251
15400 33.6952
15500 33.7699
15600 33.5427
15700 33.1603
15800 33.3351
15900 33.8952
16000 34.045
16100 33.6958
16200 33.2941
16300 33.3756
16400 33.2965
16500 33.4997
16600 33.4534
16700 33.4727
16800 33.0585
16900 32.9718
17000 32.8789
17100 33.0714
17200 32.9909
17300 33.0805
17400 33.5721
17500 33.6875
17600 33.7672
17700 33.8785
17800 33.3038
17900 33.6089
18000 33.9281
18100 33.4647
18200 33.3091
18300 33.1106
18400 33.0892
18500 33.372
18600 33.7292
18700 33.8009
18800 33.5162
18900 33.5042
19000 33.5974
19100 33.1139
19200 32.9652
19300 33.3702
19400 33.8846
19500 33.9552
19600 33.592
19700 33.5193
19800 33.2643
19900 33.6676
20000 33.6503
20100 33.6736
20200 34.1821
20300 34.1372
20400 33.5698
20500 33.4341
20600 33.4785
20700 33.8928
20800 33.8034
20900 33.5683
21000 33.4262
21100 33.202
21200 33.0014
21300 33.1043
21400 33.426
21500 33.2576
21600 32.8445
21700 33.1235
21800 33.2054
21900 33.846
22000 33.6483
22100 33.5699
22200 33.3938
22300 33.7193
22400 34.0483
22500 33.7185
22600 33.4077
22700 33.7036
22800 33.5866
22900 33.5307
23000 33.8665
23100 33.7934
23200 33.8438
23300 33.5298
23400 33.5488
23500 33.7159
23600 33.8313
23700 34.0678
23800 34.1258
23900 34.1057
24000 34.0274
24100 33.6898
24200 33.9435
24300 33.7501
24400 33.7398
24500 33.6213
24600 33.679
24700 33.3819
24800 33.2819
24900 33.0122
25000 33.3689
25100 33.5001
25200 33.5989
25300 33.4222
25400 33.6433
25500 33.7089
25600 33.6513
25700 33.682
25800 33.7922
25900 34.2299
26000 34.2461
26100 34.0354
26200 33.868
26300 33.8062
26400 33.7248
26500 33.613
26600 33.4034
26700 33.783
26800 34.1394
26900 34.1588
27000 33.4667
27100 32.7615
27200 32.916
27300 33.5747
27400 34.0485
27500 33.8552
27600 33.6292
27700 33.7847
27800 33.4719
27900 33.4112
28000 33.7368
28100 33.7762
28200 33.4745
28300 33.34
28400 33.3126
28500 33.6576
28600 33.9247
28700 33.6096
28800 33.365
28900 33.4037
29000 33.6515
29100 33.9418
29200 33.5544
29300 33.7667
29400 33.4771
29500 33.6549
29600 33.6354
29700 33.479
29800 33.5868
29900 33.6425
30000 33.7743
30100 33.6603
30200 33.7972
30300 33.9374
30400 33.9649
30500 33.824
30600 33.7024
30700 33.8461
30800 33.7327
30900 33.3861
31000 33.0553
31100 33.117
31200 33.2697
31300 33.8206
31400 33.7973
31500 33.7622
31600 33.5763
31700 33.6657
31800 34.1827
31900 33.9991
32000 33.7692
32100 33.3115
32200 33.0699
32300 33.2848
32400 33.4468
32500 33.4955
32600 33.9649
32700 33.9654
32800 33.8404
32900 33.7491
33000 33.1886
33100 33.2992
33200 33.8867
33300 34.3142
33400 34.1091
33500 33.6883
33600 33.6261
33700 33.6349
33800 33.7322
33900 33.6584
34000 33.2235
34100 33.2679
34200 33.2005
34300 33.2888
34400 33.1436
34500 33.1422
34600 33.0111
34700 33.4052
34800 33.7325
34900 33.6987
35000 33.5512
35100 33.6834
35200 33.6486
35300 33.8868
35400 34.3002
35500 34.0262
35600 33.9154
35700 33.505
35800 33.7097
35900 34.1715
36000 34.118
36100 33.6995
36200 33.4739
36300 34.1101
36400 34.3483
36500 34.0378
36600 33.6071
36700 33.4634
36800 33.8288
36900 34.0242
37000 33.8143
37100 33.3191
37200 33.0978
37300 33.3306
37400 33.5742
37500 33.2982
37600 33.0128
37700 33.0239
37800 33.1329
37900 33.4253
38000 33.7652
38100 33.5092
38200 33.2131
38300 33.3761
38400 33.6503
38500 34.0567
38600 34.207
38700 34.1157
38800 33.8228
38900 33.528
39000 33.4872
39100 34.0882
39200 34.1272
39300 33.8987
39400 33.3957
39500 33.6893
39600 33.761
39700 33.6389
39800 33.7539
39900 33.4855
40000 33.3769
40100 33.0468
40200 33.6345
40300 34.1381
40400 33.7368
40500 33.6608
40600 33.9112
40700 34.1539
40800 34.0177
40900 33.7456
41000 33.989
41100 34.4914
41200 34.2994
41300 33.7014
41400 33.6628
41500 33.7062
41600 33.6824
41700 33.9256
41800 34.1979
41900 34.0837
42000 33.6641
42100 33.7759
42200 33.8756
42300 34.2641
42400 34.1278
42500 33.8891
42600 33.7336
42700 33.718
42800 33.8088
42900 33.5416
43000 33.2538
43100 33.1373
43200 33.682
43300 33.8296
43400 33.4506
43500 33.056
43600 33.1425
43700 33.1687
43800 33.2026
43900 33.059
44000 33.2931
44100 33.7824
44200 33.9885
44300 34.1638
44400 33.9569
