# Time-averaged data for fix myat1
# TimeStep f_mysf1[1] f_mysf2[1]
1000 -1.64456 0.380981
2000 -9.39248 2.92913
3000 -2.63423 -2.59059
4000 1.20785 -1.09204
5000 1.60826 -0.632556
6000 -5.28027 7.15458
7000 10.2825 4.23631
8000 -13.7027 -3.84028
9000 -1.92637 3.09827
10000 3.69618 3.75951
11000 -1.91758 -0.648551
12000 -3.73186 -0.356832
13000 1.05858 1.05145
14000 -3.0773 -2.62523
15000 -0.837786 10.3353
16000 1.36015 3.1358
17000 -3.33061 -3.65269
18000 -0.826709 9.4442
19000 -7.85413 0.299568
20000 -2.61148 2.94866
21000 -9.78412 0.682209
22000 5.50412 2.31153
23000 -2.88895 5.58421
24000 -4.38043 6.56663
25000 -7.1204 -0.238663
26000 0.357304 -0.540737
27000 -9.42546 5.05433
28000 3.09 -0.316151
29000 -2.47976 3.60636
30000 -2.32733 8.19923
31000 -2.68748 -0.66195
32000 5.14262 7.6335
33000 -2.27982 -0.335965
34000 -8.41046 -5.41579
35000 -3.30738 8.07156
36000 1.45925 -3.11291
37000 -1.28027 13.1162
38000 -4.8828 -3.58213
39000 -9.82066 1.50272
40000 -2.21611 5.94503
41000 2.21609 4.80117
42000 -3.89328 -0.314844
43000 -1.12621 4.98441
44000 1.70039 -2.45607
45000 -13.2419 3.75125
46000 7.96794 -2.70649
47000 2.91591 12.7998
48000 -3.83551 -2.16457
49000 -7.85353 0.41766
50000 -0.159528 -3.26367
51000 -10.8027 -0.73225
52000 3.33627 -1.62021
53000 3.58702 6.10498
54000 6.71895 11.1743
55000 -14.8215 4.29446
56000 -11.717 8.99676
57000 -5.7398 -4.03851
58000 -1.80701 3.91944
59000 0.746931 7.84156
60000 1.07379 -0.0865784
61000 -12.9257 3.90843
62000 -1.50723 3.55438
63000 -2.50996 -2.63835
64000 3.9013 9.57552
65000 -9.4614 3.49942
66000 -5.18093 -0.733013
67000 3.72054 2.29724
68000 -3.51278 2.62595
69000 -5.36027 6.07585
70000 -0.30205 9.80305
71000 0.304584 -1.77785
72000 -9.00423 2.21498
73000 -0.754368 3.04512
74000 -5.54763 2.51563
75000 -10.1723 0.902572
76000 -0.161199 -1.2107
77000 -6.79044 10.0979
78000 2.17346 7.56193
79000 -7.43062 5.10827
80000 -2.93963 -1.95908
81000 0.803519 -5.52401
82000 -2.37535 7.02177
83000 -1.80707 -0.00102295
84000 8.78145 5.17363
85000 -6.62318 5.14411
86000 -10.0602 2.83086
87000 4.29762 5.8835
88000 -1.08979 0.89013
89000 -10.904 4.96962
90000 -3.40063 8.4679
91000 -8.91109 -6.98832
92000 -1.35929 10.4462
93000 4.17134 5.54931
94000 -17.9924 -5.66383
95000 -2.47894 4.58455
96000 5.50246 3.90397
97000 -6.39415 12.0685
98000 11.34 -2.75764
99000 -11.7474 3.6579
100000 1.78239 -2.72072
101000 -4.77302 -0.166332
102000 -3.63896 1.69862
103000 6.02811 6.22234
104000 -5.17759 8.82687
105000 -7.24339 -4.13453
106000 -4.01182 -1.57266
107000 1.90278 8.8988
108000 -7.68621 2.70726
109000 2.47426 -2.69737
110000 -8.01667 4.18365
111000 2.79564 0.00754953
112000 0.508224 -4.14768
113000 -6.45865 5.52468
114000 0.242623 6.77832
115000 4.41432 3.82445
116000 -5.01943 -1.22344
117000 -2.78616 -6.68905
118000 1.08726 5.606
119000 -4.01157 3.30229
120000 -1.86232 -2.49988
121000 -5.36168 10.3546
122000 1.0209 -4.31372
123000 -7.13119 2.33348
124000 -2.88662 6.93628
125000 -1.11225 -3.19016
126000 5.49678 5.90233
127000 -6.07661 6.48329
128000 -1.55142 -0.617071
129000 -2.50566 2.69733
130000 -1.15678 -2.35524
131000 -10.1474 -1.98525
132000 8.51162 6.72626
133000 -6.73776 -1.48697
134000 -1.68642 -0.512333
135000 -3.72618 4.37381
136000 0.613124 12.9483
137000 -11.1097 -4.1235
138000 -5.76981 4.15031
139000 -0.321122 5.51845
140000 -1.85231 5.32398
141000 7.44005 9.1752
142000 -10.3864 3.34864
143000 -8.81455 -2.76993
144000 -0.0462142 -0.550995
145000 1.06869 5.45299
146000 -3.12688 0.433342
147000 -2.85726 2.86626
148000 -1.30524 -0.138308
149000 -1.47469 0.684952
150000 -2.0609 3.26734
151000 -3.53869 6.88882
152000 -2.51721 0.22862
153000 9.55816 -3.28781
154000 -6.36637 4.68821
155000 -3.36306 -9.85022
156000 -5.39026 6.80447
157000 0.771317 4.08193
158000 9.36087 2.69489
159000 -2.04783 -1.2557
160000 -4.3866 2.73418
161000 1.39801 -0.97566
162000 -2.58052 2.72875
163000 -7.97465 2.30731
164000 -3.34147 1.4179
165000 3.35274 4.67809
166000 -8.43469 5.65698
167000 -4.13701 4.0278
168000 -0.922249 4.36217
169000 -9.02033 -5.46243
170000 6.32244 5.78816
171000 -5.57944 4.16826
172000 -6.11187 0.798085
173000 -5.28866 5.98148
174000 -1.14526 2.38988
175000 7.22375 -6.45189
176000 -3.49824 14.3299
177000 -3.01303 -5.2553
178000 1.36696 -0.788773
179000 -4.47066 1.27215
180000 -9.4324 -6.41336
181000 4.16443 13.0274
182000 -5.04172 5.99876
183000 3.01834 2.67521
184000 -6.17093 0.541919
185000 -4.5146 -1.89973
186000 -4.79073 5.07959
187000 -0.0271366 4.74704
188000 1.69047 9.42528
189000 -5.45424 -5.00786
190000 -5.34945 -3.68666
191000 -0.463432 4.91913
192000 -8.77597 2.31992
193000 8.31857 1.67461
194000 -15.1297 4.89119
195000 1.97414 1.65626
196000 4.18632 10.0949
197000 -1.41079 3.60389
198000 -4.86502 -5.80567
199000 -9.23096 2.45293
200000 1.17434 1.26299
