# Time-averaged data for fix myat1
# TimeStep v_zave v_zdes
5651000 -17.773 -15
5652000 -17.8893 -15
5653000 -17.883 -15
5654000 -17.5853 -15
5655000 -17.8901 -15
5656000 -17.5998 -15
5657000 -17.3181 -15
5658000 -17.1233 -15
5659000 -17.442 -15
5660000 -17.7173 -15
5661000 -17.3257 -15
5662000 -17.7983 -15
5663000 -17.5784 -15
5664000 -17.3299 -15
5665000 -17.7198 -15
5666000 -17.6648 -15
5667000 -17.5567 -15
5668000 -17.6255 -15
5669000 -17.3294 -15
5670000 -17.674 -15
5671000 -17.6852 -15
5672000 -17.4224 -15
5673000 -17.6672 -15
5674000 -17.0071 -15
5675000 -17.7812 -15
5676000 -17.5421 -15
5677000 -17.7046 -15
5678000 -17.6716 -15
5679000 -17.6712 -15
5680000 -17.8181 -15
5681000 -17.524 -15
5682000 -17.7814 -15
5683000 -17.6152 -15
5684000 -17.6104 -15
5685000 -17.5164 -15
5686000 -17.4356 -15
5687000 -17.6388 -15
5688000 -17.6961 -15
5689000 -17.6296 -15
5690000 -17.608 -15
5691000 -17.6274 -15
5692000 -17.4299 -15
5693000 -17.7912 -15
5694000 -18.3246 -15
5695000 -18.1006 -15
5696000 -17.8059 -15
5697000 -17.8097 -15
5698000 -18.0779 -15
5699000 -18.1752 -15
5700000 -18.0317 -15
5701000 -18.2138 -15
5702000 -18.879 -15
5703000 -18.5342 -15
5704000 -17.9338 -15
5705000 -17.8851 -15
5706000 -17.229 -15
5707000 -17.0453 -15
5708000 -17.5116 -15
5709000 -18.0582 -15
5710000 -18.3654 -15
5711000 -18.637 -15
5712000 -18.4782 -15
5713000 -18.5509 -15
5714000 -18.1299 -15
5715000 -18.8121 -15
5716000 -18.6306 -15
5717000 -18.7225 -15
5718000 -18.92 -15
5719000 -18.9073 -15
5720000 -18.8983 -15
5721000 -18.8125 -15
5722000 -18.2946 -15
5723000 -17.2791 -15
5724000 -17.8695 -15
5725000 -17.8955 -15
5726000 -18.836 -15
5727000 -17.6803 -15
5728000 -17.8904 -15
5729000 -18.2763 -15
5730000 -18.9235 -15
5731000 -18.8725 -15
5732000 -18.4547 -15
5733000 -18.6815 -15
5734000 -17.2938 -15
5735000 -17.2138 -15
5736000 -17.9027 -15
5737000 -18.0965 -15
5738000 -18.6597 -15
5739000 -18.9474 -15
5740000 -18.3955 -15
5741000 -17.3431 -15
5742000 -17.4055 -15
5743000 -18.2075 -15
5744000 -18.7425 -15
5745000 -17.7754 -15
5746000 -17.7901 -15
5747000 -17.7885 -15
5748000 -16.984 -15
5749000 -16.6602 -15
5750000 -17.72 -15
5751000 -17.9766 -15
5752000 -17.6469 -15
5753000 -17.5064 -15
5754000 -17.6963 -15
5755000 -17.0226 -15
5756000 -17.294 -15
5757000 -18.6109 -15
5758000 -18.7563 -15
5759000 -18.8673 -15
5760000 -17.7076 -15
5761000 -17.1058 -15
5762000 -17.4149 -15
5763000 -17.7622 -15
5764000 -17.5775 -15
5765000 -17.5671 -15
5766000 -17.5966 -15
5767000 -17.3321 -15
5768000 -17.3546 -15
5769000 -17.4663 -15
5770000 -17.6922 -15
5771000 -17.4428 -15
5772000 -17.2057 -15
5773000 -17.3336 -15
5774000 -17.909 -15
5775000 -18.8826 -15
5776000 -18.9408 -15
5777000 -18.5358 -15
5778000 -18.6274 -15
5779000 -18.5839 -15
5780000 -17.7561 -15
5781000 -18.6081 -15
5782000 -18.7535 -15
5783000 -17.1229 -15
5784000 -17.2455 -15
5785000 -17.5406 -15
5786000 -17.9221 -15
5787000 -18.0265 -15
5788000 -18.0945 -15
5789000 -17.8125 -15
5790000 -17.6431 -15
5791000 -17.7584 -15
5792000 -17.5748 -15
5793000 -17.6212 -15
5794000 -17.5038 -15
5795000 -17.5062 -15
5796000 -18.1888 -15
5797000 -17.7139 -15
5798000 -17.5567 -15
5799000 -18.0883 -15
5800000 -17.7471 -15
5801000 -17.8394 -15
5802000 -17.5598 -15
5803000 -17.6562 -15
5804000 -18.5032 -15
5805000 -17.1327 -15
5806000 -17.4192 -15
5807000 -17.5684 -15
5808000 -17.907 -15
5809000 -17.7791 -15
5810000 -17.9789 -15
5811000 -17.1569 -15
5812000 -17.5055 -15
5813000 -18.1206 -15
5814000 -18.2359 -15
5815000 -18.1551 -15
5816000 -18.6272 -15
5817000 -18.5263 -15
5818000 -18.4182 -15
5819000 -17.3744 -15
5820000 -16.2797 -15
5821000 -16.3569 -15
5822000 -17.111 -15
5823000 -16.8531 -15
5824000 -16.3741 -15
5825000 -16.9801 -15
5826000 -16.1749 -15
5827000 -16.9866 -15
5828000 -16.7873 -15
5829000 -16.2316 -15
5830000 -16.5938 -15
5831000 -17.0472 -15
5832000 -16.6288 -15
5833000 -16.6474 -15
5834000 -16.6301 -15
5835000 -16.5159 -15
5836000 -16.5212 -15
5837000 -16.291 -15
5838000 -16.8996 -15
5839000 -17.3486 -15
5840000 -18.1209 -15
5841000 -18.2805 -15
5842000 -18.0844 -15
5843000 -18.1585 -15
5844000 -17.788 -15
5845000 -17.6399 -15
5846000 -18.1746 -15
5847000 -18.1645 -15
5848000 -18.4836 -15
5849000 -18.9139 -15
5850000 -18.6177 -15
5851000 -18.3573 -15
5852000 -18.2367 -15
5853000 -18.1661 -15
5854000 -18.2883 -15
5855000 -17.2404 -15
5856000 -17.3635 -15
5857000 -17.6907 -15
5858000 -17.8169 -15
5859000 -18.2969 -15
5860000 -18.1296 -15
5861000 -18.2822 -15
5862000 -18.1731 -15
5863000 -18.2494 -15
5864000 -18.2244 -15
5865000 -18.1938 -15
5866000 -17.8795 -15
5867000 -18.2118 -15
5868000 -18.389 -15
5869000 -18.1926 -15
5870000 -17.5624 -15
5871000 -17.5315 -15
5872000 -18.2863 -15
5873000 -18.2548 -15
5874000 -18.9097 -15
5875000 -18.9795 -15
5876000 -18.9874 -15
5877000 -18.9722 -15
5878000 -18.9085 -15
5879000 -18.9134 -15
5880000 -18.5508 -15
5881000 -18.6586 -15
5882000 -17.6603 -15
5883000 -17.6062 -15
5884000 -17.8219 -15
5885000 -18.5036 -15
5886000 -18.56 -15
5887000 -18.2046 -15
5888000 -17.4128 -15
5889000 -18.0852 -15
5890000 -18.1138 -15
5891000 -18.1307 -15
5892000 -18.2833 -15
5893000 -17.7879 -15
5894000 -18.3464 -15
5895000 -18.2173 -15
5896000 -18.2813 -15
5897000 -18.8936 -15
5898000 -18.9693 -15
5899000 -17.8367 -15
5900000 -18.2342 -15
5901000 -16.6663 -15
5902000 -18.2108 -15
5903000 -18.2073 -15
5904000 -18.2267 -15
5905000 -18.124 -15
5906000 -18.2332 -15
5907000 -18.2287 -15
5908000 -18.0014 -15
5909000 -17.5139 -15
5910000 -15.7521 -15
5911000 -17.7968 -15
5912000 -17.9006 -15
5913000 -17.0777 -15
5914000 -17.2801 -15
5915000 -17.7441 -15
5916000 -18.1444 -15
5917000 -18.1239 -15
5918000 -18.74 -15
5919000 -18.7227 -15
5920000 -18.0243 -15
5921000 -18.6116 -15
5922000 -18.8808 -15
5923000 -17.7822 -15
5924000 -16.5957 -15
5925000 -16.1878 -15
5926000 -16.1577 -15
5927000 -16.4719 -15
5928000 -17.2685 -15
5929000 -16.9395 -15
5930000 -16.5453 -15
5931000 -16.9241 -15
5932000 -16.4045 -15
5933000 -16.7111 -15
5934000 -16.286 -15
5935000 -16.2929 -15
5936000 -17.8526 -15
5937000 -17.4621 -15
5938000 -18.0705 -15
5939000 -18.6762 -15
5940000 -18.7669 -15
5941000 -18.8038 -15
5942000 -18.8496 -15
5943000 -19.0805 -15
5944000 -19.0174 -15
5945000 -19.0329 -15
5946000 -18.9998 -15
5947000 -18.9666 -15
5948000 -18.9971 -15
5949000 -19.0068 -15
5950000 -19.0107 -15
5951000 -18.7459 -15
5952000 -18.5355 -15
5953000 -18.4759 -15
5954000 -18.0012 -15
5955000 -17.0511 -15
5956000 -15.1729 -15
5957000 -15.7661 -15
5958000 -14.1884 -15
5959000 -15.3452 -15
5960000 -16.548 -15
5961000 -15.0397 -15
5962000 -16.3603 -15
5963000 -15.2592 -15
5964000 -16.3968 -15
5965000 -16.3544 -15
5966000 -16.3153 -15
5967000 -15.7686 -15
5968000 -16.0355 -15
5969000 -16.4769 -15
5970000 -16.04 -15
5971000 -15.9169 -15
5972000 -15.3874 -15
5973000 -16.112 -15
5974000 -16.0139 -15
5975000 -16.2349 -15
5976000 -16.084 -15
5977000 -14.5937 -15
5978000 -15.0367 -15
5979000 -15.7222 -15
5980000 -15.7549 -15
5981000 -16.61 -15
5982000 -18.6308 -15
5983000 -18.9388 -15
5984000 -19.0151 -15
5985000 -18.9048 -15
5986000 -19.0141 -15
5987000 -18.9648 -15
5988000 -19.0356 -15
5989000 -18.383 -15
5990000 -18.8958 -15
5991000 -18.9627 -15
5992000 -18.9336 -15
5993000 -19.0355 -15
5994000 -18.4826 -15
5995000 -17.7722 -15
5996000 -18.7158 -15
5997000 -18.632 -15
5998000 -18.9749 -15
5999000 -18.962 -15
6000000 -18.9547 -15
6001000 -18.9669 -15
6002000 -18.8589 -15
6003000 -18.6522 -15
6004000 -18.5361 -15
6005000 -17.8251 -15
6006000 -15.5469 -15
6007000 -16.4259 -15
6008000 -14.2965 -15
6009000 -15.0675 -15
6010000 -15.5009 -15
6011000 -16.0674 -15
6012000 -15.3617 -15
6013000 -17.6124 -15
6014000 -17.6744 -15
6015000 -17.9317 -15
6016000 -18.1574 -15
6017000 -18.4296 -15
6018000 -18.9061 -15
6019000 -18.9755 -15
6020000 -18.9878 -15
6021000 -18.3527 -15
6022000 -18.7455 -15
6023000 -18.5108 -15
6024000 -15.9062 -15
6025000 -16.1563 -15
6026000 -18.2323 -15
6027000 -17.9517 -15
6028000 -16.6643 -15
6029000 -16.3361 -15
6030000 -14.7681 -15
6031000 -15.6399 -15
6032000 -14.5483 -15
6033000 -15.5323 -15
6034000 -15.3557 -15
6035000 -16.145 -15
6036000 -16.5763 -15
6037000 -16.2332 -15
6038000 -15.8944 -15
6039000 -15.4358 -15
6040000 -16.1668 -15
6041000 -15.9479 -15
6042000 -15.8478 -15
6043000 -17.405 -15
6044000 -16.1609 -15
6045000 -15.0301 -15
6046000 -15.9365 -15
6047000 -15.2416 -15
6048000 -15.3705 -15
6049000 -16.2413 -15
6050000 -15.7453 -15
6051000 -16.5578 -15
6052000 -16.0553 -15
6053000 -17.3278 -15
6054000 -18.5825 -15
6055000 -18.3507 -15
6056000 -18.6069 -15
6057000 -17.9708 -15
6058000 -18.8185 -15
6059000 -18.9018 -15
6060000 -18.7718 -15
6061000 -18.3934 -15
6062000 -18.4296 -15
6063000 -18.7364 -15
6064000 -18.8383 -15
6065000 -18.9552 -15
6066000 -18.8714 -15
6067000 -18.959 -15
6068000 -18.9628 -15
6069000 -18.9115 -15
6070000 -18.9636 -15
6071000 -18.6354 -15
6072000 -18.8988 -15
6073000 -18.9459 -15
6074000 -18.6361 -15
6075000 -18.9029 -15
6076000 -18.9122 -15
6077000 -18.9677 -15
6078000 -18.9574 -15
6079000 -18.9218 -15
6080000 -18.4757 -15
6081000 -15.9958 -15
6082000 -16.535 -15
6083000 -14.4737 -15
6084000 -15.5942 -15
6085000 -16.4253 -15
6086000 -15.393 -15
6087000 -16.7441 -15
6088000 -14.0715 -15
6089000 -15.513 -15
6090000 -15.9886 -15
6091000 -15.3996 -15
6092000 -14.9683 -15
6093000 -14.6573 -15
6094000 -15.5839 -15
6095000 -15.631 -15
6096000 -13.4847 -15
6097000 -15.661 -15
6098000 -16.0432 -15
6099000 -15.3642 -15
6100000 -16.4188 -15
6101000 -15.2425 -15
6102000 -15.2833 -15
6103000 -16.4378 -15
6104000 -18.8185 -15
6105000 -18.5419 -15
6106000 -17.931 -15
6107000 -15.741 -15
6108000 -16.3096 -15
6109000 -17.7898 -15
6110000 -18.2294 -15
6111000 -18.1282 -15
6112000 -17.387 -15
6113000 -15.8873 -15
6114000 -16.4323 -15
6115000 -17.1421 -15
6116000 -16.9059 -15
6117000 -16.9801 -15
6118000 -18.1015 -15
6119000 -15.5794 -15
6120000 -13.8238 -15
6121000 -14.5415 -15
6122000 -14.3357 -15
6123000 -17.7235 -15
6124000 -17.6827 -15
6125000 -17.1518 -15
6126000 -16.2135 -15
6127000 -16.6376 -15
6128000 -18.1336 -15
6129000 -17.4189 -15
6130000 -17.4667 -15
6131000 -17.4366 -15
6132000 -17.6315 -15
6133000 -17.5117 -15
6134000 -17.8459 -15
6135000 -18.1688 -15
6136000 -18.1017 -15
6137000 -18.6817 -15
6138000 -18.8976 -15
6139000 -18.683 -15
6140000 -17.7638 -15
6141000 -17.9259 -15
6142000 -17.6643 -15
6143000 -18.5973 -15
6144000 -18.9692 -15
6145000 -18.8342 -15
6146000 -18.9292 -15
6147000 -18.9347 -15
6148000 -18.8322 -15
6149000 -19.0215 -15
6150000 -18.7419 -15
