# Time-averaged data for fix myat
# TimeStep v_n_center
500 7.62
1000 7.96
1500 6.6
2000 6
2500 6
3000 6.2
3500 7
4000 6.78
4500 5.56
5000 5.14
5500 5
6000 5
6500 4.94
7000 5.72
7500 5.4
8000 5.88
8500 5.44
9000 5
9500 5.16
10000 5
10500 5.24
11000 5.86
11500 5.54
12000 5
12500 5.08
13000 5
13500 5
14000 5.04
14500 5.12
15000 4.7
15500 4.44
16000 4.18
16500 5.18
17000 5
17500 5
18000 5
18500 5
19000 5
19500 4.72
20000 4
20500 4
21000 4
21500 3.46
22000 4
22500 3.86
23000 3
23500 3
24000 3
24500 3
25000 3
25500 3
26000 3.16
26500 3
27000 3.16
27500 3
28000 3
28500 3
29000 3
29500 3
30000 3
30500 3
31000 3
31500 3.08
32000 3
32500 2.58
33000 2.02
33500 2
34000 2
34500 2.12
35000 2.4
35500 2
36000 2
36500 2
37000 1.88
37500 0.6
38000 0
38500 0
39000 0
39500 0
40000 0
40500 0.1
41000 0
41500 0.08
42000 1
42500 1
43000 0.76
43500 0.06
44000 0
44500 0
45000 0
45500 0
46000 0
46500 0
47000 0
47500 0
48000 0.34
48500 0.38
49000 0.2
49500 0
50000 0.28
50500 0.34
51000 0
51500 1.08
52000 0.82
52500 0.46
53000 0.86
53500 0.04
54000 0.04
54500 0.16
55000 0
55500 0
56000 0
56500 0
57000 0
57500 0
58000 0.06
58500 0.4
59000 0.74
59500 0.26
60000 0
60500 0
61000 0
61500 0
62000 0
62500 0
63000 0.12
63500 0.06
64000 0
64500 0
65000 0
65500 0
66000 0
66500 0
67000 0.5
67500 1
68000 1
68500 1
69000 1.18
69500 1.12
70000 1
70500 1
71000 1
71500 1
72000 1
72500 1
73000 1
73500 1
74000 1
74500 1
75000 1
75500 1
76000 1
76500 0.74
77000 0
77500 0
78000 0
78500 0
79000 0
79500 0
80000 0
80500 0.18
81000 0.04
81500 0
82000 0
82500 0
83000 0
83500 0
84000 0
84500 0.26
85000 0.26
85500 1
86000 1
86500 1
87000 1
87500 1.4
88000 1.54
88500 2
89000 1.24
89500 1
90000 1
90500 1
91000 0.34
91500 0
92000 0
92500 0
93000 0
93500 0
94000 0
94500 0
95000 0
95500 0
96000 0
96500 0
97000 0
97500 0
98000 0
98500 0
99000 0
99500 0
100000 0.16
100500 0.12
101000 0.38
101500 0
102000 0
102500 0.44
103000 0.14
103500 0
104000 0
104500 0.06
105000 0.12
105500 0
106000 0
106500 0
107000 0
107500 0.32
108000 0
108500 0
109000 0
109500 0
110000 0
110500 0
111000 0
111500 0.6
112000 0
112500 0.44
113000 0.36
113500 0
114000 0.06
114500 0.9
115000 0
115500 0
116000 0
116500 0
117000 0
117500 0
118000 0
118500 0
119000 0
119500 0.12
120000 0.52
120500 0
121000 0
121500 0
122000 0
122500 0
123000 0
123500 0
124000 0.96
124500 1
125000 1
125500 1
126000 0.24
126500 0
127000 0
127500 0
128000 0
128500 0
129000 0.1
129500 0
130000 0
130500 0
131000 0.08
131500 0.64
132000 1
132500 1
133000 1
133500 1
134000 1.14
134500 2
135000 2
135500 1.4
136000 1
136500 1
137000 1
137500 1
138000 1
138500 1
139000 1
139500 1
140000 1
140500 1.1
141000 1
141500 1.06
142000 1.36
142500 1
143000 1
143500 1
144000 1
144500 1.9
145000 2
145500 2
146000 2
146500 1.92
147000 1.5
147500 2
148000 1.04
148500 1
149000 1
149500 1
150000 1
150500 1
151000 1
151500 1.62
152000 1.44
152500 1.76
153000 2.86
153500 2.26
154000 1
154500 1
155000 1
155500 1
156000 1
156500 1
157000 1.48
157500 1.92
158000 2.56
158500 2.26
159000 1
159500 1.48
160000 1
160500 1
161000 1
161500 1
162000 1
162500 1
163000 1
163500 1.5
164000 1.12
164500 2
165000 2.48
165500 2.28
166000 2.18
166500 1.96
167000 1
167500 1
168000 1
168500 1
169000 1
169500 1
170000 1
170500 1
171000 1
171500 1
172000 1.24
172500 1
173000 1.4
173500 1
174000 1
174500 1
175000 1
175500 1.66
176000 2
176500 1.94
177000 1.58
177500 1.98
178000 2
178500 2.36
179000 2.46
179500 2.06
180000 1.44
180500 1.12
181000 1.26
181500 1
182000 1.72
182500 1
183000 1
183500 1.34
184000 1.64
184500 1
185000 1
185500 1
186000 1
186500 1.14
187000 1.44
187500 1.58
188000 1
188500 1
189000 1
189500 1
190000 1
190500 1
191000 1
191500 1
192000 1
192500 1
193000 1
193500 1
194000 1
194500 1
195000 1
195500 1
196000 1
196500 1.04
197000 1.16
197500 1
198000 1
198500 1.18
199000 2.1
199500 3
200000 3
200500 2.88
201000 2.92
201500 2.12
202000 2
202500 2
203000 2
203500 2
204000 1.6
204500 0.36
205000 0.26
205500 0
206000 0
206500 0
207000 0
207500 0
208000 0
208500 0
209000 0.82
209500 1
210000 1.08
210500 0.04
211000 0.1
211500 0.3
212000 0
212500 0
213000 0
213500 0
214000 0
214500 0.52
215000 0.3
215500 0
216000 0
216500 0
217000 0
217500 0
218000 0
218500 0
219000 0.3
219500 0
220000 0
220500 0
221000 0
221500 0
222000 0
222500 0
223000 0
223500 0
224000 0
224500 0
225000 0
225500 0
226000 0
226500 0
227000 0
227500 0
228000 0
228500 0
229000 0
229500 0
230000 0
230500 0
231000 0
231500 0.24
232000 1
232500 1
233000 1.34
233500 0.18
234000 0
234500 0
235000 0
235500 0
236000 0
236500 0
237000 0
237500 0
238000 0
238500 0
239000 0
239500 0
240000 0
240500 0
241000 0
241500 0
242000 0
242500 0
243000 0
243500 0
244000 0
244500 0
245000 0
245500 0
246000 0
246500 0.02
247000 0.92
247500 0.5
248000 0.1
248500 0.48
249000 0
249500 0
250000 0.86
250500 0.04
251000 0.02
251500 0.46
252000 0.66
252500 0.2
253000 0
253500 0
254000 0.88
254500 0.88
255000 1.12
255500 0.72
256000 1.12
256500 1
257000 1
257500 1
258000 1
258500 1
259000 1
259500 1
260000 1
260500 1
261000 1
261500 1
262000 1
262500 1
263000 1
263500 1
264000 1
264500 1
265000 1
265500 1
266000 1
266500 1
267000 1.18
267500 1.8
268000 2
268500 2
269000 2
269500 2
270000 1.16
270500 1.66
271000 2
271500 2
272000 2
272500 2
273000 2
273500 2
274000 2
274500 2
275000 2
275500 2
276000 2
276500 2
277000 2
277500 1.74
278000 1
278500 1.54
279000 2
279500 2.18
280000 2.7
280500 2.16
281000 2.58
281500 2
282000 2
282500 2
283000 2
283500 2.06
284000 2.94
284500 1.86
285000 1.88
285500 1.36
286000 1
286500 1.3
287000 2
287500 1.76
288000 1.02
288500 1
289000 1.06
289500 1.18
290000 1
290500 1
291000 1
291500 1
292000 1
292500 0.7
293000 0
293500 0
294000 0
294500 0
295000 0
295500 0.5
296000 0
296500 0
297000 0
297500 0
298000 0
298500 0
299000 0
299500 0.16
300000 0.12
300500 0
301000 0
301500 0.7
302000 1
302500 0.2
303000 1.24
303500 1.04
304000 1.64
304500 1.28
305000 0.96
305500 0.24
306000 0
306500 0.16
307000 1
307500 0.46
308000 0.04
308500 0
309000 0
309500 0
310000 0
310500 0.68
311000 1.8
311500 1.56
312000 1.1
312500 1.56
313000 0.9
313500 1
314000 1
314500 0.08
315000 0
315500 0
316000 0
316500 0
317000 0
317500 0
318000 0
318500 0
319000 0
319500 0
320000 0
320500 0.62
321000 0.8
321500 0
322000 0
322500 0
323000 0
323500 0
324000 0
324500 0
325000 0.24
325500 0.4
326000 1.24
326500 0.76
327000 1
327500 1
328000 1.02
328500 1.62
329000 2.9
329500 2.86
330000 3
330500 3.12
331000 3.78
331500 3
332000 3.08
332500 2.52
333000 3
333500 2.4
334000 2
334500 2
335000 1.44
335500 1.02
336000 1.4
336500 1.5
337000 1
337500 1
338000 1
338500 1
339000 1
339500 1
340000 1
340500 1
341000 1
341500 1
342000 1
342500 1
343000 0.3
343500 0.06
344000 0
344500 0
345000 0.88
345500 1
346000 1.06
346500 0.94
347000 0.12
347500 0
348000 0
348500 0
349000 0.04
349500 0.12
350000 0
350500 0
351000 0
351500 0
352000 0.06
352500 0
353000 0
353500 0
354000 0
354500 0.2
355000 0
355500 0
356000 0.22
356500 1
357000 1
357500 1
358000 1
358500 1
359000 1
359500 1
360000 1
360500 1
361000 1
361500 1
362000 1
362500 1
363000 1
363500 1
364000 1
364500 1
365000 1.42
365500 1.18
366000 1.16
366500 1
367000 1
367500 1
368000 1
368500 1
369000 1
369500 1
370000 1
370500 1.14
371000 1
371500 0.98
372000 0
372500 0
373000 0
373500 0
374000 0
374500 0
375000 0
375500 0
376000 0
376500 0
377000 0
377500 0
378000 0
378500 0
379000 0
379500 0
380000 0
380500 0
381000 0
381500 0
382000 0
382500 0
383000 0
383500 0
384000 0
384500 0
385000 0
385500 0
386000 0
386500 0
387000 0
387500 0
388000 0
388500 0
389000 0
389500 0
390000 0
390500 0
391000 0
391500 0
392000 0
392500 0
393000 0
393500 0
394000 0.06
394500 0.18
395000 0
395500 0.4
396000 0.16
396500 0
397000 0
397500 0
398000 0
398500 0
399000 0
399500 0
400000 0
400500 0
401000 0
401500 0
402000 0
402500 0
403000 0
403500 0.26
404000 0.02
404500 0
405000 0
405500 0
406000 0
406500 0
407000 0
407500 0
408000 0
408500 0
409000 0
409500 0
410000 0
410500 0
411000 0
411500 0
412000 0
412500 0
413000 0
413500 0
414000 0
414500 0
415000 0
415500 0
416000 0
416500 0
417000 0
417500 0
418000 0
418500 0
419000 0
419500 0
420000 0.7
420500 0
421000 0
421500 0
422000 0
422500 0
423000 0
423500 0
424000 0
424500 0
425000 0
425500 0
426000 0
426500 0
427000 0.06
427500 0
428000 0
428500 0
429000 0
429500 0
430000 0
430500 0.18
431000 0
431500 0
432000 0.96
432500 1
433000 1
433500 1
434000 1
434500 1
435000 1
435500 1
436000 0.04
436500 0.08
437000 0.52
437500 0
438000 0
438500 0
439000 0
439500 0
440000 0
440500 0
441000 0
441500 0
442000 0
442500 0
443000 0
443500 0
444000 0
444500 0
445000 0
445500 0
446000 0
446500 0
447000 0.08
447500 0.6
448000 0.24
448500 0
449000 0
449500 0
450000 0
450500 0
451000 0
451500 0
452000 0
452500 0
453000 0
453500 0
454000 0
454500 0
455000 0
455500 0
456000 0.14
456500 0
457000 0
457500 0
458000 0
458500 0
459000 0
459500 0
460000 0
460500 0
461000 0
461500 0
462000 0
462500 0
463000 0
463500 0
464000 0
464500 0
465000 0
465500 0
466000 0
466500 0
467000 0
467500 0
468000 0
468500 0
469000 0
469500 0
470000 0
470500 0
471000 0
471500 0
472000 0
472500 0
473000 0
473500 0
474000 0
474500 0
475000 0
475500 0
476000 0
476500 0
477000 0
477500 0
478000 0
478500 0
479000 0
479500 0
480000 0
480500 0
481000 0
481500 0
482000 0
482500 0
483000 0
483500 0
484000 0
484500 0
485000 0
485500 0
486000 0
486500 0
487000 0
487500 0
488000 0
488500 0
489000 0
489500 0
490000 0
490500 0
491000 0
491500 0
492000 0
492500 0
493000 0
493500 0
494000 0
494500 0
495000 0
495500 0
496000 0
496500 0
497000 0
497500 0
498000 0
498500 0
499000 0
499500 0
500000 0
