# Time-averaged data for fix myat2
# TimeStep v_Ntype2in v_Ntype2ou
0 117 0
1000 96 21
2000 93 24
3000 90 27
4000 89 28
5000 86 31
6000 84 33
7000 87 30
8000 86 31
9000 80 37
10000 82 35
11000 78 39
12000 75 42
13000 76 41
14000 77 40
15000 78 39
16000 78 39
17000 77 40
18000 77 40
19000 71 46
20000 75 42
21000 71 46
22000 73 44
23000 71 46
24000 73 44
25000 73 44
26000 69 48
27000 67 50
28000 68 49
29000 69 48
30000 66 51
31000 68 49
32000 69 48
33000 67 50
34000 65 52
35000 66 51
36000 67 50
37000 64 53
38000 67 50
39000 67 50
40000 66 51
41000 63 54
42000 63 54
43000 64 53
44000 62 55
45000 58 59
46000 60 57
47000 59 58
48000 60 57
49000 60 57
50000 58 59
51000 60 57
52000 58 59
53000 58 59
54000 57 60
55000 58 59
56000 57 60
57000 57 60
58000 56 61
59000 54 63
60000 56 61
61000 58 59
62000 57 60
63000 55 62
64000 57 60
65000 55 62
66000 56 61
67000 56 61
68000 57 60
69000 54 63
70000 57 60
71000 55 62
72000 56 61
73000 57 60
74000 57 60
75000 54 63
76000 56 61
77000 52 65
78000 55 62
79000 54 63
80000 54 63
81000 54 63
82000 55 62
83000 53 64
84000 51 66
85000 53 64
86000 55 62
87000 54 63
88000 57 60
89000 57 60
90000 54 63
91000 57 60
92000 56 61
93000 55 62
94000 54 63
95000 53 64
96000 55 62
97000 53 64
98000 51 66
99000 52 65
100000 52 65
101000 54 63
102000 50 67
103000 51 66
104000 53 64
105000 52 65
106000 52 65
107000 53 64
108000 53 64
109000 52 65
110000 54 63
111000 50 67
112000 50 67
113000 49 68
114000 47 70
115000 49 68
116000 49 68
117000 46 71
118000 45 72
119000 49 68
120000 49 68
121000 49 68
122000 49 68
123000 45 72
124000 45 72
125000 44 73
126000 47 70
127000 45 72
128000 45 72
129000 47 70
130000 47 70
131000 47 70
132000 50 67
133000 44 73
134000 46 71
135000 47 70
136000 46 71
137000 47 70
138000 47 70
139000 44 73
140000 45 72
141000 45 72
142000 43 74
143000 44 73
144000 45 72
145000 46 71
146000 46 71
147000 45 72
148000 48 69
149000 46 71
150000 47 70
151000 47 70
152000 44 73
153000 46 71
154000 45 72
155000 47 70
156000 47 70
157000 47 70
158000 47 70
159000 46 71
160000 48 69
161000 48 69
162000 48 69
163000 47 70
164000 44 73
165000 46 71
166000 45 72
167000 46 71
168000 45 72
169000 46 71
170000 45 72
171000 45 72
172000 43 74
173000 45 72
174000 46 71
175000 44 73
176000 44 73
177000 45 72
178000 46 71
179000 46 71
180000 45 72
181000 46 71
182000 42 75
183000 45 72
184000 44 73
185000 45 72
186000 44 73
187000 44 73
188000 43 74
189000 41 76
190000 44 73
191000 42 75
192000 42 75
193000 45 72
194000 44 73
195000 43 74
196000 44 73
197000 42 75
198000 41 76
199000 43 74
200000 43 74
201000 42 75
202000 42 75
203000 41 76
204000 43 74
205000 43 74
206000 44 73
207000 40 77
208000 41 76
209000 40 77
210000 44 73
211000 44 73
212000 42 75
213000 39 78
214000 43 74
215000 43 74
216000 42 75
217000 41 76
218000 39 78
219000 42 75
220000 38 79
221000 39 78
222000 37 80
223000 37 80
224000 38 79
225000 37 80
226000 37 80
227000 38 79
228000 39 78
229000 39 78
230000 38 79
231000 37 80
232000 38 79
233000 43 74
234000 41 76
235000 42 75
236000 40 77
237000 43 74
238000 45 72
239000 41 76
240000 42 75
241000 42 75
242000 42 75
243000 43 74
244000 42 75
245000 44 73
246000 43 74
247000 42 75
248000 42 75
249000 44 73
250000 44 73
251000 43 74
252000 45 72
253000 45 72
254000 44 73
255000 46 71
256000 44 73
257000 44 73
258000 46 71
259000 46 71
260000 44 73
261000 44 73
262000 43 74
263000 43 74
264000 42 75
265000 42 75
266000 42 75
267000 39 78
268000 41 76
269000 43 74
270000 44 73
271000 43 74
272000 44 73
273000 45 72
274000 44 73
275000 46 71
276000 44 73
277000 41 76
278000 44 73
279000 43 74
280000 39 78
281000 39 78
282000 40 77
283000 44 73
284000 40 77
285000 45 72
286000 40 77
287000 41 76
288000 39 78
289000 41 76
290000 41 76
291000 42 75
292000 42 75
293000 37 80
294000 39 78
295000 38 79
296000 40 77
297000 36 81
298000 37 80
299000 38 79
300000 37 80
301000 36 81
302000 37 80
303000 38 79
304000 35 82
305000 35 82
306000 35 82
307000 35 82
308000 35 82
309000 35 82
310000 33 84
311000 35 82
312000 34 83
313000 34 83
314000 36 81
315000 33 84
316000 37 80
317000 35 82
318000 39 78
319000 39 78
320000 39 78
321000 36 81
322000 39 78
323000 36 81
324000 38 79
325000 35 82
326000 36 81
327000 38 79
328000 35 82
329000 36 81
330000 38 79
331000 37 80
332000 36 81
333000 34 83
334000 37 80
335000 35 82
336000 34 83
337000 38 79
338000 36 81
339000 36 81
340000 36 81
341000 36 81
342000 37 80
343000 36 81
344000 35 82
345000 36 81
346000 33 84
347000 34 83
348000 36 81
349000 36 81
350000 35 82
351000 35 82
352000 34 83
353000 40 77
354000 38 79
355000 37 80
356000 39 78
357000 36 81
358000 38 79
359000 36 81
360000 35 82
361000 37 80
362000 35 82
363000 35 82
364000 33 84
365000 36 81
366000 36 81
367000 38 79
368000 37 80
369000 35 82
370000 34 83
371000 35 82
372000 35 82
373000 36 81
374000 38 79
375000 35 82
376000 36 81
377000 38 79
378000 36 81
379000 36 81
380000 35 82
381000 35 82
382000 36 81
383000 35 82
384000 37 80
385000 38 79
386000 36 81
387000 38 79
388000 37 80
389000 34 83
390000 35 82
391000 32 85
392000 32 85
393000 31 86
394000 32 85
395000 33 84
396000 32 85
397000 32 85
398000 32 85
399000 34 83
400000 32 85
401000 33 84
402000 34 83
403000 33 84
404000 31 86
405000 30 87
406000 33 84
407000 32 85
408000 33 84
409000 31 86
410000 32 85
411000 34 83
412000 33 84
413000 34 83
414000 34 83
415000 34 83
416000 33 84
417000 34 83
418000 32 85
419000 31 86
420000 32 85
421000 31 86
422000 31 86
423000 29 88
424000 31 86
425000 32 85
426000 34 83
427000 33 84
428000 33 84
429000 33 84
430000 34 83
431000 32 85
432000 31 86
433000 32 85
434000 32 85
435000 31 86
436000 29 88
437000 31 86
438000 31 86
439000 31 86
440000 33 84
441000 35 82
442000 33 84
443000 32 85
444000 33 84
445000 35 82
446000 34 83
447000 34 83
448000 32 85
449000 33 84
450000 33 84
451000 31 86
452000 31 86
453000 33 84
454000 33 84
455000 36 81
456000 35 82
457000 35 82
458000 35 82
459000 33 84
460000 33 84
461000 33 84
462000 31 86
463000 31 86
464000 33 84
465000 33 84
466000 34 83
467000 34 83
468000 34 83
469000 34 83
470000 32 85
471000 31 86
472000 31 86
473000 34 83
474000 34 83
475000 32 85
476000 35 82
477000 34 83
478000 32 85
479000 32 85
480000 31 86
481000 31 86
482000 31 86
483000 32 85
484000 29 88
485000 30 87
486000 28 89
487000 31 86
488000 32 85
489000 31 86
490000 32 85
491000 32 85
492000 31 86
493000 33 84
494000 31 86
495000 31 86
496000 33 84
497000 33 84
498000 33 84
499000 32 85
500000 31 86
501000 32 85
502000 35 82
503000 33 84
504000 35 82
505000 31 86
506000 31 86
507000 31 86
508000 31 86
509000 29 88
510000 30 87
511000 29 88
512000 28 89
513000 29 88
514000 32 85
515000 31 86
516000 28 89
517000 29 88
518000 29 88
519000 27 90
520000 31 86
521000 30 87
522000 29 88
523000 30 87
524000 29 88
525000 28 89
526000 30 87
527000 32 85
528000 32 85
529000 30 87
530000 30 87
531000 32 85
532000 32 85
533000 32 85
534000 33 84
535000 33 84
536000 32 85
537000 34 83
538000 33 84
539000 32 85
540000 33 84
541000 32 85
542000 35 82
543000 33 84
544000 33 84
545000 35 82
546000 33 84
547000 32 85
548000 31 86
549000 30 87
550000 31 86
551000 29 88
552000 34 83
553000 33 84
554000 32 85
555000 33 84
556000 32 85
557000 30 87
558000 32 85
559000 32 85
560000 32 85
561000 33 84
562000 31 86
563000 30 87
564000 32 85
565000 34 83
566000 32 85
567000 33 84
568000 31 86
569000 31 86
570000 32 85
571000 34 83
572000 33 84
573000 34 83
574000 34 83
575000 34 83
576000 32 85
577000 32 85
578000 29 88
579000 30 87
580000 29 88
581000 29 88
582000 31 86
583000 30 87
584000 30 87
585000 29 88
586000 32 85
587000 32 85
588000 31 86
589000 30 87
590000 29 88
591000 28 89
592000 28 89
593000 28 89
594000 27 90
595000 27 90
596000 27 90
597000 27 90
598000 28 89
599000 28 89
600000 28 89
601000 26 91
602000 29 88
603000 30 87
604000 28 89
605000 25 92
606000 27 90
607000 26 91
608000 27 90
609000 26 91
610000 25 92
611000 27 90
612000 29 88
613000 27 90
614000 27 90
615000 27 90
616000 28 89
617000 27 90
618000 26 91
619000 27 90
620000 26 91
621000 26 91
622000 26 91
623000 26 91
624000 27 90
625000 29 88
626000 28 89
627000 30 87
628000 28 89
629000 28 89
630000 26 91
631000 27 90
632000 28 89
633000 28 89
634000 27 90
635000 27 90
636000 27 90
637000 27 90
638000 27 90
639000 27 90
640000 26 91
641000 26 91
642000 29 88
643000 27 90
644000 28 89
645000 27 90
646000 26 91
647000 25 92
648000 25 92
649000 27 90
650000 24 93
651000 23 94
652000 23 94
653000 22 95
654000 24 93
655000 25 92
656000 26 91
657000 23 94
658000 22 95
659000 23 94
660000 21 96
661000 22 95
662000 24 93
663000 24 93
664000 23 94
665000 23 94
666000 24 93
667000 25 92
668000 24 93
669000 24 93
670000 27 90
671000 26 91
672000 26 91
673000 26 91
674000 27 90
675000 26 91
676000 27 90
677000 27 90
678000 28 89
679000 26 91
680000 27 90
681000 26 91
682000 25 92
683000 24 93
684000 26 91
685000 25 92
686000 26 91
687000 26 91
688000 24 93
689000 25 92
690000 25 92
691000 27 90
692000 27 90
693000 27 90
694000 27 90
695000 27 90
696000 26 91
697000 27 90
698000 25 92
699000 27 90
700000 25 92
701000 26 91
702000 25 92
703000 25 92
704000 26 91
705000 25 92
706000 23 94
707000 24 93
708000 25 92
709000 26 91
710000 24 93
711000 27 90
712000 28 89
713000 28 89
714000 27 90
715000 27 90
716000 27 90
717000 27 90
718000 27 90
719000 28 89
720000 29 88
721000 27 90
722000 29 88
723000 30 87
724000 30 87
725000 29 88
726000 26 91
727000 26 91
728000 29 88
729000 30 87
730000 29 88
731000 30 87
732000 30 87
733000 29 88
734000 30 87
735000 29 88
736000 28 89
737000 29 88
738000 30 87
739000 29 88
740000 32 85
741000 31 86
742000 30 87
743000 30 87
744000 28 89
745000 29 88
746000 27 90
747000 28 89
748000 29 88
749000 30 87
750000 30 87
751000 30 87
752000 30 87
753000 28 89
754000 26 91
755000 26 91
756000 24 93
757000 26 91
758000 24 93
759000 27 90
760000 27 90
761000 27 90
762000 27 90
763000 26 91
764000 27 90
765000 28 89
766000 27 90
767000 27 90
768000 28 89
769000 27 90
770000 27 90
771000 28 89
772000 27 90
773000 30 87
774000 27 90
775000 29 88
776000 28 89
777000 29 88
778000 30 87
779000 30 87
780000 28 89
781000 29 88
782000 30 87
783000 27 90
784000 31 86
785000 26 91
786000 29 88
787000 28 89
788000 30 87
789000 29 88
790000 28 89
791000 29 88
792000 29 88
793000 29 88
794000 28 89
795000 29 88
796000 29 88
797000 30 87
798000 30 87
799000 30 87
800000 29 88
801000 29 88
802000 30 87
803000 30 87
804000 29 88
805000 29 88
806000 31 86
807000 30 87
808000 32 85
809000 30 87
810000 29 88
811000 27 90
812000 28 89
813000 28 89
814000 26 91
815000 26 91
816000 26 91
817000 26 91
818000 26 91
819000 26 91
820000 25 92
821000 26 91
822000 25 92
823000 25 92
824000 27 90
825000 27 90
826000 27 90
827000 26 91
828000 26 91
829000 26 91
830000 26 91
831000 25 92
832000 25 92
833000 24 93
834000 25 92
835000 25 92
836000 25 92
837000 25 92
838000 25 92
839000 24 93
840000 24 93
841000 23 94
842000 24 93
843000 23 94
844000 24 93
845000 24 93
846000 23 94
847000 23 94
848000 23 94
849000 23 94
850000 25 92
851000 25 92
852000 24 93
853000 24 93
854000 24 93
855000 24 93
856000 25 92
857000 25 92
858000 25 92
859000 24 93
860000 25 92
861000 26 91
862000 25 92
863000 25 92
864000 24 93
865000 26 91
866000 23 94
867000 26 91
868000 24 93
869000 24 93
870000 27 90
871000 26 91
872000 26 91
873000 25 92
874000 24 93
875000 23 94
876000 23 94
877000 22 95
878000 25 92
879000 25 92
880000 25 92
881000 25 92
882000 24 93
883000 24 93
884000 25 92
885000 24 93
886000 24 93
887000 24 93
888000 26 91
889000 25 92
890000 24 93
891000 25 92
892000 24 93
893000 25 92
894000 26 91
895000 26 91
896000 25 92
897000 25 92
898000 23 94
899000 24 93
900000 24 93
901000 23 94
902000 24 93
903000 23 94
904000 23 94
905000 23 94
906000 22 95
907000 21 96
908000 21 96
909000 21 96
910000 21 96
911000 22 95
912000 21 96
913000 22 95
914000 22 95
915000 24 93
916000 24 93
917000 24 93
918000 24 93
919000 24 93
920000 24 93
921000 23 94
922000 23 94
923000 25 92
924000 22 95
925000 25 92
926000 24 93
927000 22 95
928000 25 92
929000 25 92
930000 23 94
931000 22 95
932000 22 95
933000 23 94
934000 23 94
935000 24 93
936000 25 92
937000 25 92
938000 25 92
939000 25 92
940000 21 96
941000 21 96
942000 22 95
943000 21 96
944000 21 96
945000 23 94
946000 22 95
947000 21 96
948000 20 97
949000 22 95
950000 18 99
951000 20 97
952000 18 99
953000 19 98
954000 19 98
955000 18 99
956000 20 97
957000 20 97
958000 17 100
959000 19 98
960000 21 96
961000 21 96
962000 21 96
963000 22 95
964000 22 95
965000 21 96
966000 25 92
967000 23 94
968000 21 96
969000 20 97
970000 20 97
971000 19 98
972000 22 95
973000 21 96
974000 19 98
975000 18 99
976000 19 98
977000 18 99
978000 19 98
979000 19 98
980000 19 98
981000 19 98
982000 19 98
983000 18 99
984000 19 98
985000 19 98
986000 19 98
987000 19 98
988000 18 99
989000 19 98
990000 19 98
991000 19 98
992000 17 100
993000 17 100
994000 19 98
995000 18 99
996000 17 100
997000 17 100
998000 16 101
999000 19 98
1000000 17 100
1001000 19 98
1002000 19 98
1003000 19 98
1004000 19 98
1005000 21 96
1006000 20 97
1007000 21 96
1008000 22 95
1009000 21 96
1010000 23 94
1011000 22 95
1012000 22 95
1013000 22 95
1014000 21 96
1015000 22 95
1016000 24 93
1017000 23 94
1018000 22 95
1019000 23 94
1020000 22 95
1021000 24 93
1022000 23 94
1023000 22 95
1024000 23 94
1025000 22 95
1026000 21 96
1027000 20 97
1028000 20 97
1029000 22 95
1030000 19 98
1031000 22 95
1032000 21 96
1033000 21 96
1034000 19 98
1035000 19 98
1036000 20 97
1037000 21 96
1038000 19 98
1039000 21 96
1040000 22 95
1041000 19 98
1042000 19 98
1043000 18 99
1044000 18 99
1045000 18 99
1046000 18 99
1047000 17 100
1048000 17 100
1049000 17 100
1050000 16 101
1051000 16 101
1052000 19 98
1053000 20 97
1054000 19 98
1055000 18 99
1056000 19 98
1057000 19 98
1058000 19 98
1059000 19 98
1060000 20 97
1061000 19 98
1062000 19 98
1063000 17 100
1064000 19 98
1065000 21 96
1066000 19 98
1067000 19 98
1068000 18 99
1069000 20 97
1070000 16 101
1071000 18 99
1072000 17 100
1073000 18 99
1074000 19 98
1075000 19 98
1076000 19 98
1077000 20 97
1078000 20 97
1079000 19 98
1080000 20 97
1081000 20 97
1082000 19 98
1083000 21 96
1084000 21 96
1085000 20 97
1086000 21 96
1087000 22 95
1088000 22 95
1089000 21 96
1090000 21 96
1091000 19 98
1092000 18 99
1093000 22 95
1094000 23 94
1095000 22 95
1096000 22 95
1097000 20 97
1098000 22 95
1099000 21 96
1100000 21 96
1101000 19 98
1102000 21 96
1103000 20 97
1104000 19 98
1105000 21 96
1106000 20 97
1107000 19 98
1108000 21 96
1109000 21 96
1110000 21 96
1111000 21 96
1112000 22 95
1113000 21 96
1114000 22 95
1115000 22 95
1116000 23 94
1117000 22 95
1118000 21 96
1119000 20 97
1120000 22 95
1121000 20 97
1122000 18 99
1123000 21 96
1124000 22 95
1125000 21 96
1126000 20 97
1127000 21 96
1128000 23 94
1129000 21 96
1130000 21 96
1131000 21 96
1132000 21 96
1133000 19 98
1134000 20 97
1135000 18 99
1136000 21 96
1137000 19 98
1138000 21 96
1139000 20 97
1140000 23 94
1141000 21 96
1142000 21 96
1143000 20 97
1144000 20 97
1145000 20 97
1146000 19 98
1147000 20 97
1148000 21 96
1149000 20 97
1150000 22 95
1151000 19 98
1152000 19 98
1153000 20 97
1154000 20 97
1155000 20 97
1156000 20 97
1157000 21 96
1158000 19 98
1159000 20 97
1160000 20 97
1161000 20 97
1162000 22 95
1163000 22 95
1164000 21 96
1165000 22 95
1166000 20 97
1167000 20 97
1168000 19 98
1169000 19 98
1170000 20 97
1171000 20 97
1172000 21 96
1173000 21 96
1174000 21 96
1175000 21 96
1176000 19 98
1177000 18 99
1178000 18 99
1179000 21 96
1180000 20 97
1181000 19 98
1182000 19 98
1183000 21 96
1184000 22 95
1185000 20 97
1186000 21 96
1187000 21 96
1188000 21 96
1189000 20 97
1190000 20 97
1191000 19 98
1192000 19 98
1193000 18 99
1194000 18 99
1195000 19 98
1196000 18 99
1197000 16 101
1198000 16 101
1199000 17 100
1200000 17 100
1201000 15 102
1202000 16 101
1203000 16 101
1204000 16 101
1205000 16 101
1206000 17 100
1207000 17 100
1208000 16 101
1209000 16 101
1210000 16 101
1211000 17 100
1212000 18 99
1213000 16 101
1214000 19 98
1215000 19 98
1216000 21 96
1217000 19 98
1218000 20 97
1219000 19 98
1220000 20 97
1221000 20 97
1222000 18 99
1223000 19 98
1224000 18 99
1225000 17 100
1226000 20 97
1227000 22 95
1228000 22 95
1229000 19 98
1230000 18 99
1231000 19 98
1232000 19 98
1233000 19 98
1234000 20 97
1235000 21 96
1236000 21 96
1237000 22 95
1238000 20 97
1239000 22 95
1240000 22 95
1241000 21 96
1242000 22 95
1243000 20 97
1244000 21 96
1245000 22 95
1246000 21 96
1247000 23 94
1248000 21 96
1249000 21 96
1250000 22 95
1251000 23 94
1252000 23 94
1253000 23 94
1254000 25 92
1255000 24 93
1256000 24 93
1257000 23 94
1258000 22 95
1259000 22 95
1260000 22 95
1261000 21 96
1262000 21 96
1263000 21 96
1264000 21 96
1265000 22 95
1266000 23 94
1267000 23 94
1268000 23 94
1269000 22 95
1270000 21 96
1271000 20 97
1272000 21 96
1273000 22 95
1274000 22 95
1275000 23 94
1276000 23 94
1277000 22 95
1278000 24 93
1279000 22 95
1280000 24 93
1281000 22 95
1282000 21 96
1283000 20 97
1284000 20 97
1285000 19 98
1286000 21 96
1287000 20 97
1288000 20 97
1289000 20 97
1290000 19 98
1291000 19 98
1292000 19 98
1293000 19 98
1294000 19 98
1295000 18 99
1296000 19 98
1297000 20 97
1298000 20 97
1299000 19 98
1300000 19 98
1301000 20 97
1302000 20 97
1303000 21 96
1304000 21 96
1305000 19 98
1306000 21 96
1307000 21 96
1308000 20 97
1309000 21 96
1310000 20 97
1311000 20 97
1312000 21 96
1313000 20 97
1314000 20 97
1315000 21 96
1316000 22 95
1317000 22 95
1318000 22 95
1319000 22 95
1320000 21 96
1321000 23 94
1322000 20 97
1323000 19 98
1324000 19 98
1325000 20 97
1326000 19 98
1327000 21 96
1328000 20 97
1329000 20 97
1330000 21 96
1331000 20 97
1332000 19 98
1333000 21 96
1334000 23 94
1335000 22 95
1336000 20 97
1337000 20 97
1338000 21 96
1339000 18 99
1340000 20 97
1341000 19 98
1342000 18 99
1343000 18 99
1344000 19 98
1345000 18 99
1346000 20 97
1347000 21 96
1348000 20 97
1349000 18 99
1350000 19 98
1351000 18 99
1352000 18 99
1353000 17 100
1354000 18 99
1355000 19 98
1356000 18 99
1357000 20 97
1358000 21 96
1359000 20 97
1360000 19 98
1361000 21 96
1362000 22 95
1363000 20 97
1364000 19 98
1365000 20 97
1366000 21 96
1367000 20 97
1368000 20 97
1369000 22 95
1370000 20 97
1371000 20 97
1372000 19 98
1373000 20 97
1374000 20 97
1375000 20 97
1376000 19 98
1377000 18 99
1378000 18 99
1379000 19 98
1380000 19 98
1381000 18 99
1382000 18 99
1383000 18 99
1384000 18 99
1385000 19 98
1386000 20 97
1387000 20 97
1388000 22 95
1389000 20 97
1390000 20 97
1391000 20 97
1392000 20 97
1393000 17 100
1394000 18 99
1395000 16 101
1396000 19 98
1397000 17 100
1398000 18 99
1399000 16 101
1400000 17 100
1401000 17 100
1402000 18 99
1403000 18 99
1404000 16 101
1405000 17 100
1406000 18 99
1407000 18 99
1408000 17 100
1409000 19 98
1410000 17 100
1411000 17 100
1412000 16 101
1413000 17 100
1414000 17 100
1415000 16 101
1416000 17 100
1417000 16 101
1418000 15 102
1419000 15 102
1420000 15 102
1421000 15 102
1422000 15 102
1423000 16 101
1424000 15 102
1425000 14 103
1426000 14 103
1427000 14 103
1428000 15 102
1429000 15 102
1430000 16 101
1431000 16 101
1432000 15 102
1433000 16 101
1434000 18 99
1435000 18 99
1436000 18 99
1437000 17 100
1438000 18 99
1439000 17 100
1440000 18 99
1441000 19 98
1442000 18 99
1443000 17 100
1444000 17 100
1445000 17 100
1446000 17 100
1447000 17 100
1448000 17 100
1449000 17 100
1450000 17 100
1451000 17 100
1452000 16 101
1453000 17 100
1454000 18 99
1455000 18 99
1456000 16 101
1457000 16 101
1458000 16 101
1459000 14 103
1460000 14 103
1461000 13 104
1462000 13 104
1463000 13 104
1464000 14 103
1465000 13 104
1466000 14 103
1467000 17 100
1468000 17 100
1469000 16 101
1470000 17 100
1471000 18 99
1472000 17 100
1473000 16 101
1474000 18 99
1475000 16 101
1476000 19 98
1477000 17 100
1478000 17 100
1479000 17 100
1480000 17 100
1481000 16 101
1482000 15 102
1483000 15 102
1484000 15 102
1485000 15 102
1486000 14 103
1487000 14 103
1488000 14 103
1489000 13 104
1490000 13 104
1491000 15 102
1492000 13 104
1493000 14 103
1494000 15 102
1495000 14 103
1496000 14 103
1497000 13 104
1498000 13 104
1499000 13 104
1500000 13 104
