# Time-averaged data for fix at2
# TimeStep f_mysf1[1] f_mysf2[1]
100 0.00318449 -0.349235
200 0.442034 -0.376807
300 -0.334065 0.429296
400 -2.326 0.169661
500 0.754445 1.60131
600 0.982823 0.574511
700 2.60807 -1.11666
800 -1.35055 -0.302427
900 -0.206754 0.287322
1000 0.495753 -0.0677221
1100 0.739874 -0.550018
1200 -0.0686923 -0.396136
1300 -0.76594 -0.925131
1400 -0.62076 -0.801894
1500 0.469536 1.19806
1600 -1.95223 0.81276
1700 1.78432 -1.31372
1800 1.2879 1.23597
1900 -0.090328 2.22982
2000 -2.85625 -0.0839439
2100 -0.508036 -1.50877
2200 0.213862 -0.9358
2300 -0.25252 -1.18921
2400 0.99824 -0.497493
2500 0.000295196 0.799932
2600 0.117327 -1.03165
2700 1.49467 0.312406
2800 0.593461 0.79552
2900 -0.340073 -0.124541
3000 0.343177 0.483615
3100 1.11018 0.467117
3200 -1.43098 -1.74443
3300 -0.71533 1.41915
3400 -1.1948 -0.782226
3500 -0.792039 1.71635
3600 -0.451409 1.44264
3700 0.973623 -0.908776
3800 0.962175 -0.956756
3900 1.49911 -0.162047
4000 0.508791 1.48736
4100 -0.0220647 -0.267161
4200 -0.205613 -0.763682
4300 -1.63454 -1.35703
4400 -0.361725 -0.485452
4500 1.24978 -1.31413
4600 0.134802 -1.01561
4700 0.84168 0.444911
4800 0.47504 3.36734
4900 -1.01238 1.35303
5000 -1.43816 -0.186938
5100 0.0502944 -0.593694
5200 0.227682 -0.886352
5300 -1.34308 -0.303201
5400 0.177813 -0.0375775
5500 1.37257 -0.089053
5600 -1.79525 -0.104796
5700 -0.350399 0.499367
5800 0.673204 -1.23571
5900 1.29679 -0.165792
6000 2.3037 0.429808
6100 1.23337 -1.82841
6200 -1.4142 0.932569
6300 -1.121 0.378127
6400 -0.505197 -0.485586
6500 -0.466915 -0.307192
6600 -0.646973 0.902905
6700 1.10398 0.132417
6800 0.513169 1.82943
6900 -1.30084 0.175991
7000 0.640866 1.44662
7100 1.4149 -1.25669
7200 -0.964693 0.882674
7300 -0.187561 0.083435
7400 0.619382 -1.39448
7500 0.428723 -3.12599
7600 0.772497 -1.68922
7700 0.553407 1.88353
7800 -1.92063 2.2943
7900 -0.0787972 -0.0285687
8000 0.642991 -0.65364
8100 1.21012 -0.344978
8200 -0.27881 -0.466471
8300 -1.77263 0.244853
8400 -0.457825 0.433131
8500 -0.95318 -0.360132
8600 0.106371 0.52192
8700 -1.45684 0.087855
8800 0.762579 -1.13591
8900 1.01013 0.766015
9000 2.70811 -1.74701
9100 0.31865 -1.08204
9200 -0.938433 1.4135
9300 0.272573 1.34816
9400 -0.793231 -1.09928
9500 -0.0936711 -0.211521
9600 -0.764476 -1.55745
9700 2.31057 -0.540186
9800 -1.07386 0.73213
9900 -0.664376 2.9767
10000 0.389069 1.1725
10100 0.476961 0.143891
10200 -1.18464 0.831504
10300 0.766882 -0.362609
10400 1.38452 -1.26007
10500 0.205867 -0.834301
10600 0.177983 -1.08912
10700 -0.90185 -0.435788
10800 0.47207 0.323287
10900 -0.190307 -0.0882944
11000 2.11036 0.186086
11100 0.403407 -0.827536
11200 -1.14593 1.17406
11300 -0.112923 -0.204034
11400 -2.19123 -0.211855
11500 -0.741054 0.527595
11600 -0.0787595 0.0722151
11700 -0.665001 -0.515471
11800 0.27232 -0.0276734
11900 1.01018 -0.0574699
12000 0.408259 -0.459605
12100 0.451844 -0.0635885
12200 -0.97573 0.245178
12300 -0.0193782 -1.24562
12400 2.10651 -0.418974
12500 0.942166 -0.27812
12600 -0.637612 -1.75052
12700 -1.13514 0.514675
12800 0.0473545 1.07146
12900 -0.648701 0.806471
13000 0.858677 1.50894
13100 0.538726 0.334154
13200 -0.557093 -0.821833
13300 0.203839 -0.171354
13400 0.584934 0.731937
13500 -0.30603 1.42441
13600 -0.681522 -0.512696
13700 0.481334 -1.59796
13800 -0.25314 -0.591255
13900 2.09848 -1.85799
14000 0.0743889 1.19596
14100 1.93798 0.0270081
14200 0.400136 -0.426543
14300 -1.85248 1.68142
14400 -1.91953 -1.11336
14500 0.35312 -0.375412
14600 1.41984 0.762998
14700 -0.533202 0.306876
14800 -0.958568 -1.52066
14900 -1.33987 0.675582
15000 -0.590813 0.476918
15100 0.102093 1.88929
15200 1.66642 -0.782272
15300 1.30323 -1.52262
15400 -0.223595 -1.64608
15500 -0.0843814 0.252141
15600 -0.817062 -0.0562131
15700 0.761517 -1.68
15800 -0.61671 -0.387092
15900 0.77417 0.846435
16000 1.27439 1.02203
16100 0.634729 -0.633278
16200 -2.03848 1.1578
16300 -0.148011 0.167586
16400 -0.168232 0.31933
16500 -1.4506 1.01566
16600 1.42429 1.08257
16700 0.162714 -1.80772
16800 0.097383 -0.868038
16900 1.24006 0.0611496
17000 -0.377995 0.154488
17100 0.663655 -0.645978
17200 1.45209 -0.242007
17300 -0.456369 -0.767236
17400 0.662539 1.10483
17500 0.85685 -0.590162
17600 -1.73188 -0.550631
17700 -0.80364 0.525766
17800 0.147645 0.960484
17900 -1.05068 -0.736593
18000 -0.439678 1.48134
18100 1.51253 -0.750956
18200 -0.785017 0.879057
18300 -0.329645 -0.2239
18400 0.842316 -1.44352
18500 -0.302492 -0.646697
18600 0.628604 -0.402161
18700 -0.0486439 -0.579992
18800 0.882502 -0.579247
18900 0.449783 -0.915377
19000 -0.609941 -0.55984
19100 1.03663 1.4373
19200 -0.0472046 0.814351
19300 -1.50449 -0.543995
19400 0.536585 1.13294
19500 -0.319559 1.3173
19600 -0.897044 -0.476278
19700 -0.800959 0.824211
19800 0.040847 -0.494197
19900 0.432067 -1.28028
20000 0.985466 -0.174667
20100 0.913546 0.795861
20200 0.928083 -0.863306
20300 0.603961 1.06995
20400 1.20554 -1.7661
20500 0.310437 -2.23181
20600 -1.27004 0.174285
20700 0.14805 0.93138
20800 -0.028114 0.558385
20900 0.32487 1.40773
21000 -1.81544 -0.460744
21100 -1.31399 0.235702
21200 0.11994 0.70179
21300 0.815422 -0.356039
21400 1.19668 -1.38035
21500 0.498613 0.710467
21600 -0.85671 0.479839
21700 -1.04818 -1.66855
21800 0.201448 -0.16212
21900 0.942628 -1.29539
22000 1.27609 -0.575194
22100 0.462894 0.382362
22200 0.628441 -0.0322521
22300 -0.7655 0.365989
22400 -0.88025 0.248799
22500 -0.896378 0.856151
22600 -0.0808682 -0.250811
22700 -0.220865 0.894872
22800 1.03447 -0.262781
22900 0.14721 -0.819411
23000 -0.510191 0.0570504
23100 -0.69672 0.970555
23200 1.07682 1.05928
23300 1.54979 -0.995911
23400 0.303604 -1.68167
23500 0.690653 -1.55274
23600 0.984549 -1.18874
23700 -0.544194 1.06445
23800 0.128262 1.59718
23900 -1.06626 1.29285
24000 -0.339703 -0.439565
24100 -0.64596 -1.16924
24200 -0.220557 -0.225621
24300 0.700091 0.5163
24400 1.24467 0.608822
24500 -0.956218 0.114392
24600 -1.70226 0.346341
24700 -1.08842 -0.968291
24800 1.75865 -1.61537
24900 2.93249 -0.225311
25000 0.287774 -0.64393
25100 0.0434055 0.37261
25200 -1.19973 -0.993879
25300 -0.787979 0.220276
25400 -0.720063 0.530278
25500 0.391377 1.30101
25600 1.46784 -0.250847
25700 -0.303529 -0.388491
25800 -1.09363 -1.57297
25900 0.0727553 1.00807
26000 -0.716368 3.3391
26100 1.20816 -0.189492
26200 1.07988 -1.60239
26300 -0.686468 -0.642472
26400 1.48614 -1.39259
26500 -0.120415 -1.57338
26600 0.578575 1.63763
26700 0.722841 0.625683
26800 -0.283299 -1.11995
26900 -0.830264 0.17703
27000 0.242979 -0.108344
27100 1.111 -0.0857094
27200 0.171401 1.31429
27300 -0.616365 -0.050149
27400 -1.96816 -0.275085
27500 -1.78396 0.34577
27600 0.717008 -1.23149
27700 2.91023 0.261521
27800 0.215903 -0.148958
27900 -0.562691 -0.152464
28000 0.169476 -0.729337
28100 -1.21874 -1.24635
28200 0.465396 -0.550207
28300 1.98537 0.5303
28400 0.872173 -0.186701
28500 -2.06645 0.895772
28600 -0.425611 -0.887793
28700 0.275892 0.266734
28800 -1.02853 1.07927
28900 0.400159 0.950372
29000 0.665202 0.594611
29100 0.712614 -2.20417
29200 -0.178762 0.114141
29300 0.328845 -0.133465
29400 -0.428835 0.389108
29500 1.28833 0.645557
29600 0.315365 -1.88619
29700 0.573579 -1.92763
29800 0.727765 0.589983
29900 0.457166 1.36215
30000 -0.4963 0.747146
30100 -1.33012 0.663878
30200 -0.818011 -0.653498
30300 0.625336 -0.397631
30400 -1.02269 0.532746
30500 1.29811 -0.800608
30600 0.300061 -0.214926
30700 -0.258566 0.672072
30800 0.111176 0.0622923
30900 -0.982468 -1.44414
31000 1.00919 -0.211153
31100 1.12924 0.586899
31200 0.804474 -1.88171
31300 -1.15699 -1.19697
31400 0.216033 0.884109
31500 -0.72421 0.492713
31600 0.0184942 0.4132
31700 -0.100761 1.28644
31800 1.55547 -0.557584
31900 -1.34091 -0.537725
32000 -0.524071 -0.639359
32100 -0.391727 -0.175322
32200 1.31727 1.02818
32300 -0.897822 0.95236
32400 0.193972 -1.7049
32500 2.23652 -0.980533
32600 1.308 -0.355929
32700 -0.0798192 0.626562
32800 -0.0354036 -0.53028
32900 -0.971567 0.529372
33000 -0.269297 0.303542
33100 -0.519311 -0.177692
33200 0.47514 -0.0764481
33300 0.664537 2.36614
33400 -0.111731 -1.8381
33500 -0.280697 0.454607
33600 -0.526799 -1.19637
33700 0.844357 0.880813
33800 0.534347 0.257855
33900 0.110005 0.0580111
34000 1.29499 -1.23811
34100 -0.391984 -1.50322
34200 -2.46936 0.0293095
34300 1.32612 -1.01859
34400 1.27907 -0.518769
34500 -0.246217 1.73351
34600 -0.80502 -0.225602
34700 -1.17504 -0.380979
34800 0.915822 1.4313
34900 0.402752 -1.38662
35000 0.307248 0.648079
35100 -0.647662 0.349126
35200 0.149655 0.0266594
35300 -0.759247 -0.864611
35400 0.235856 -1.29669
35500 0.666196 -0.301864
35600 2.28007 0.363545
35700 0.666604 0.171301
35800 0.229799 -0.0737646
35900 -0.39932 -0.591636
36000 -0.0477592 0.813501
36100 -1.00437 0.688583
36200 -0.0491881 0.241581
36300 0.788096 -0.667355
36400 -0.60914 -0.504822
36500 -1.06844 1.41706
36600 0.533819 -0.972774
36700 0.653249 0.345141
36800 0.462985 1.16889
36900 1.26931 -2.17466
37000 -0.0452629 -1.21157
37100 -0.354059 -0.429169
37200 0.51874 -0.673812
37300 -0.0145267 0.445361
37400 0.159142 0.599838
37500 -0.689322 -1.14077
37600 -1.25652 0.0166099
37700 0.626134 1.17696
37800 1.11018 -0.0536118
37900 0.239401 0.382904
38000 -1.5394 0.741644
38100 -0.410594 -1.408
38200 0.257306 0.682285
38300 -0.18759 -0.39138
38400 0.564594 -1.1262
38500 1.7232 -0.789819
38600 1.14581 0.0580551
38700 -0.663586 -0.785623
38800 -0.195233 1.38307
38900 0.373864 -0.138899
39000 1.03975 0.262066
39100 0.375105 -1.01067
39200 -2.04311 -0.291077
39300 0.816142 0.571026
39400 -0.832211 0.931251
39500 0.440949 1.23696
39600 -0.606259 -0.132472
39700 0.314877 -0.789289
39800 0.189807 -0.585319
39900 1.54504 -1.38282
40000 1.06466 -0.237142
40100 -0.497242 0.345996
40200 -1.19276 -0.787466
40300 0.0997886 -0.987449
40400 0.267808 0.473693
40500 1.60362 0.9106
40600 0.190684 -1.28447
40700 -0.627328 0.228698
40800 -0.725656 0.525535
40900 -1.33456 0.471543
41000 -0.433286 -0.162524
41100 0.731818 0.799804
41200 1.16261 -0.0639471
41300 0.499361 -1.93162
41400 -0.233011 -0.957605
41500 0.178984 1.09139
41600 1.09975 0.149812
41700 0.460166 -0.696673
41800 -0.659236 -0.113878
41900 -0.410331 -0.782302
42000 0.439114 -0.802994
42100 1.17695 0.484541
42200 -0.609961 1.00577
42300 0.206748 0.181875
42400 -1.24421 0.689479
42500 -0.519722 0.321829
42600 1.00364 -0.11832
42700 1.00424 -0.297677
42800 0.239589 -0.710107
42900 0.159066 0.108185
43000 -1.27081 -1.44268
43100 0.173381 -0.310624
43200 1.64135 -0.298863
43300 0.993388 1.41089
43400 0.187331 -1.21273
43500 -0.76984 -0.222884
43600 -0.0551331 -0.631908
43700 -0.469416 -0.117993
43800 0.463881 1.43689
43900 -0.478531 -0.136155
44000 -1.19436 -0.315013
44100 -0.0677603 -0.637219
44200 1.6821 0.760225
44300 -0.127436 -1.00185
44400 0.113273 1.0317
44500 -0.539606 -1.1337
44600 -0.027786 -0.105377
44700 1.9071 -1.37185
44800 1.1611 0.00164197
44900 -1.72716 0.896746
45000 0.598965 -0.776856
45100 0.3803 -0.242301
45200 -0.0198978 -0.206362
45300 -1.00603 0.507951
45400 0.932772 1.85115
45500 -0.106478 -0.178048
45600 0.032325 0.0233007
45700 -0.712669 -0.624582
45800 -0.233767 -1.39288
45900 0.93339 0.66714
46000 1.74422 -0.169538
46100 0.764458 -0.426338
46200 -1.81227 0.526449
46300 0.499241 -0.217066
46400 0.54315 -1.90734
46500 0.667332 -0.125472
46600 0.746389 1.60115
46700 -0.710039 0.353632
46800 -1.45344 -1.68572
46900 -0.134308 0.192018
47000 0.239145 0.0365344
47100 0.499198 0.216076
47200 -0.676622 1.40179
47300 -0.262211 -0.623415
47400 1.36151 -1.73776
47500 -0.301526 0.0439866
47600 0.0691141 0.183459
47700 -0.159866 -0.245441
47800 0.343466 -0.522148
47900 1.05998 -0.976275
48000 0.992413 -0.970971
48100 -1.16301 -0.488337
48200 0.683088 1.97523
48300 0.289136 1.02728
48400 -1.21522 0.433427
48500 0.864439 -1.10841
48600 0.0297782 -0.247458
48700 -1.7234 0.792766
48800 0.197478 -0.234253
48900 1.87404 -0.607802
49000 1.35027 -1.52944
49100 -1.02479 2.20995
49200 -0.355143 -0.0826873
49300 1.08665 -0.982233
49400 1.05947 -1.22928
49500 1.00328 -0.417777
49600 -1.07622 0.759241
49700 -1.62757 -0.129194
49800 0.139483 -0.56909
49900 1.332 -0.883584
50000 0.0349589 2.48855
50100 -0.669082 0.868805
50200 -0.468344 -0.919061
50300 0.406541 -0.971172
50400 -0.433067 -0.564284
50500 1.01539 -0.0206354
50600 -1.1356 0.545352
50700 1.21648 -0.993896
50800 0.674612 -1.30852
50900 -0.633796 0.01356
51000 -0.898608 -0.216977
51100 0.798825 -0.0450956
51200 1.85924 -0.434977
51300 0.0920445 -0.149212
51400 -1.00028 0.43018
51500 -0.628136 0.594645
51600 0.981844 0.210086
51700 -0.0938669 -0.897421
51800 -1.40754 -0.885691
51900 0.595899 1.50672
52000 1.37669 0.297606
52100 0.898239 -0.182693
52200 -0.182649 0.0790525
52300 0.248877 0.345009
52400 0.0424217 -0.167143
52500 -0.103226 -1.23565
52600 1.25678 -0.18651
52700 0.596633 -0.465331
52800 -1.41743 0.847587
52900 0.862786 0.167881
53000 -0.188116 -1.48247
53100 -0.578975 0.733238
53200 0.0978535 0.956863
53300 1.48074 -0.427644
53400 -0.564599 -0.294218
53500 -0.830381 -0.333845
53600 -0.295487 -1.11412
53700 -0.159949 -0.10112
53800 -0.162093 -0.0185952
53900 0.95021 0.0439252
54000 -0.0876332 -1.59214
54100 0.296558 0.87317
54200 0.591515 -1.08583
54300 0.835488 0.119047
54400 -1.39213 0.81355
54500 -0.591028 -0.302753
54600 0.153711 -0.556034
54700 1.31607 -0.918177
54800 -0.226942 0.126412
54900 0.0200815 1.17303
55000 0.105645 0.60801
55100 0.0417982 -0.102029
55200 -0.000811536 -0.357454
55300 1.49081 0.403539
55400 -0.473784 -0.475809
55500 0.638018 -0.927714
55600 -0.0141213 0.513881
55700 0.258139 -0.455525
55800 -0.0270192 -0.427213
55900 0.230706 1.60461
56000 -0.605366 -0.55032
56100 2.02444 -1.15971
56200 1.53893 -0.947054
56300 -0.794106 2.37827
56400 -1.5336 0.102172
56500 -0.897915 -0.806944
56600 -0.0685259 -0.125236
56700 -0.00403463 -0.385808
56800 0.616826 -1.13343
56900 -0.395539 0.987345
57000 0.947345 -0.449591
57100 0.212117 -1.5571
57200 -0.984131 -0.168523
57300 0.670764 0.94891
57400 0.274932 1.13378
57500 -0.328327 -2.15658
57600 0.162028 -2.53873
57700 -0.187822 0.133046
57800 0.302714 1.12176
57900 -0.790278 0.971999
58000 1.32285 -0.0450119
58100 0.166692 -0.437628
58200 -0.648569 -0.206906
58300 1.00113 0.93147
58400 0.659729 0.526179
58500 -0.653456 -0.0251764
58600 -1.1767 -1.32332
58700 0.1747 0.260565
58800 1.81526 -0.421102
58900 2.20715 0.640649
59000 -0.0744979 0.210417
59100 0.0856111 -0.459012
59200 -0.366677 -0.59398
59300 -1.07218 0.0719926
59400 0.448821 0.718081
59500 1.15928 -0.0727663
59600 -0.136007 0.836192
59700 -0.686138 -1.1878
59800 -1.93529 -1.33489
59900 0.585443 -0.0855618
60000 0.263643 0.699407
60100 1.07923 0.746562
60200 0.970216 -0.985794
60300 -0.0757538 -2.04206
60400 -0.892796 0.983386
60500 0.380984 -0.0833053
60600 0.0760417 -1.45087
60700 0.149875 -0.583109
60800 -0.734634 0.799023
60900 0.107218 -0.850449
61000 -0.640553 -0.851044
61100 1.88454 1.72473
61200 0.29888 0.389987
61300 -0.94166 1.12568
61400 0.233271 -0.209332
61500 -0.375787 -2.15889
61600 0.948531 -0.0101212
61700 1.18111 0.952042
61800 -0.654038 -0.462037
61900 0.499082 -0.406158
62000 0.27463 -0.125832
62100 0.898687 -0.129193
62200 0.295732 0.392713
62300 1.13585 -0.234088
62400 0.468498 0.604962
62500 -0.112329 0.228499
62600 -1.81665 -0.193387
62700 -1.6504 -0.743198
62800 0.53783 -0.358301
62900 1.37064 0.273686
63000 1.46726 -0.286921
63100 -2.01198 0.0340642
63200 0.878222 -1.01405
63300 0.893281 -0.27866
63400 -0.554076 0.91866
63500 -0.311626 -0.160122
63600 0.563305 -1.14676
63700 0.600389 -1.17553
63800 -0.463694 -1.45541
63900 -1.0198 -0.0912836
64000 -0.623765 1.12508
64100 0.433207 1.61145
64200 1.56961 -0.075074
64300 -0.0460214 -0.594042
64400 -0.775447 -1.31958
64500 -1.1979 1.08814
64600 2.08394 -0.0606024
64700 0.544628 -0.794013
64800 -0.613983 0.162358
64900 0.116237 0.060593
65000 0.773417 -0.215667
65100 0.472654 -0.933179
65200 1.21125 -0.418985
65300 0.768714 1.37033
65400 0.504369 1.15301
65500 -1.12086 -0.29585
65600 -0.987602 -1.2956
65700 0.858128 -0.430175
65800 0.76788 0.978458
65900 -0.120931 0.109888
66000 0.0661717 -0.57667
66100 -2.06973 -0.275442
66200 0.755058 -0.438532
66300 1.9309 0.428689
66400 -0.233933 0.402195
66500 0.943305 -1.06881
66600 -0.76576 -0.610533
66700 -0.412406 -0.684012
66800 -0.729168 -1.32384
66900 0.131972 -0.0713697
67000 0.582221 0.656093
67100 1.09645 0.83324
67200 -1.10348 -1.90688
67300 -0.71508 0.828847
67400 0.440906 -0.597636
67500 0.365915 0.202929
67600 0.189437 0.89153
67700 0.235192 -0.824523
67800 -1.6035 0.288585
67900 0.207852 -0.643855
68000 1.75637 -0.563809
68100 1.32529 0.0960527
68200 -0.0229898 -0.876299
68300 0.965139 0.64496
68400 0.482683 -0.153768
68500 -0.0946147 1.06542
68600 0.0946941 -0.0984747
68700 -0.325132 -0.142959
68800 0.244522 0.199105
68900 -1.06125 0.266826
69000 0.391066 -1.05707
69100 0.638873 0.186067
69200 -0.0354355 0.406237
69300 0.801545 0.690877
69400 0.310439 0.11677
69500 -0.342989 -0.207662
69600 0.200451 -1.66049
69700 -0.387575 -1.44398
69800 1.37681 -0.00886741
69900 -0.443518 -0.284604
70000 -0.532046 -0.53719
70100 0.217413 0.208282
70200 -0.372194 -0.400884
70300 0.571687 0.575805
70400 -1.59961 -0.710842
70500 1.3358 0.971243
70600 0.390189 -0.426823
70700 -0.0458015 -0.806797
70800 -1.97809 -0.663721
70900 -1.10351 -0.673752
71000 2.46684 0.498661
71100 0.745976 0.370349
71200 0.426454 -1.62846
71300 -0.0264948 1.98589
71400 0.56142 -0.154778
71500 1.21714 -0.773113
71600 0.187402 -0.544459
71700 -0.171036 0.51593
71800 0.342702 0.980349
71900 -0.714651 -2.3563
72000 0.204477 0.00312999
72100 1.25927 2.52166
72200 -0.136362 0.891493
72300 0.0126564 0.172009
72400 0.330376 -1.38021
72500 0.534159 0.0946109
72600 -0.285238 -0.218831
72700 -0.342539 -1.1911
72800 1.53799 -0.00177196
72900 -0.284214 -1.44179
73000 -1.21451 -0.598394
73100 -0.699861 0.238604
73200 1.63082 0.341867
73300 2.10908 -0.32194
73400 -1.06406 0.873364
73500 -1.02017 -0.48534
73600 -2.47549 -0.841814
73700 0.303461 0.549241
73800 0.268886 -1.1866
73900 0.28058 -1.11604
74000 -0.311055 -0.889216
74100 1.62067 0.7885
74200 1.19235 0.4199
74300 0.118467 -0.138584
74400 0.558968 0.153937
74500 -0.103987 0.370815
74600 0.00191351 -0.345582
74700 -1.22566 -1.24959
74800 0.628789 -0.70246
74900 0.809556 1.65337
75000 -1.11176 -0.473294
75100 0.925685 0.538868
75200 0.74249 1.25356
75300 0.59871 0.903999
75400 1.19404 -0.425763
75500 0.344592 -1.56603
75600 -0.92522 -0.411486
75700 0.0678543 -1.2585
75800 0.25512 0.688316
75900 0.263141 -1.0577
76000 1.12601 0.26802
76100 0.22176 -0.0594734
76200 -1.04242 0.650236
76300 0.741474 -0.37471
76400 -1.31718 -0.100607
76500 1.12453 0.753275
76600 -0.238398 -1.06133
76700 -2.04668 -1.00172
76800 0.0656659 -0.767623
76900 1.09227 -1.05677
77000 1.35879 0.344599
77100 -0.289195 -0.569255
77200 -0.640914 0.146536
77300 0.11047 0.391057
77400 0.557516 1.11715
77500 0.709638 -0.319265
77600 1.18014 -1.19079
77700 -0.208275 -1.0034
77800 -0.715253 -0.519301
77900 -1.15099 -0.624382
78000 -0.659237 0.912214
78100 2.18941 1.77744
78200 0.84289 -0.07742
78300 1.58191 -0.323021
78400 -0.0958167 -0.915206
78500 -0.744463 0.725359
78600 0.44352 1.23529
78700 0.321411 -0.400736
78800 0.626598 -2.02917
78900 -1.80125 -0.450895
79000 1.34745 0.465546
79100 0.791659 -0.609642
79200 0.438997 0.435542
79300 1.10405 -0.213529
79400 0.295786 1.82624
79500 -0.390303 -0.771989
79600 -1.12949 -0.247196
79700 -1.09297 -1.41403
79800 1.02172 -1.61762
79900 -0.147068 0.130611
80000 -1.22132 -0.0476565
80100 0.615988 -0.776998
80200 -0.525132 0.933432
80300 -0.0338436 -0.0235426
80400 1.40285 -0.193416
80500 1.74984 -1.31318
80600 0.372703 0.218497
80700 -1.21721 0.266321
80800 -1.21068 -1.52796
80900 -1.16273 -1.12841
81000 0.913008 0.353806
81100 1.29537 -0.203193
81200 1.62427 1.34707
81300 2.39722 1.85703
81400 -0.296633 -0.889595
81500 -1.49553 -0.36962
81600 -0.357909 0.74649
81700 -0.228651 0.276057
81800 0.201441 1.04393
81900 0.242677 -2.39134
82000 -0.0500767 -1.68076
82100 0.101604 -0.650224
82200 1.31153 0.0317861
82300 1.76421 2.52152
82400 0.364702 1.03959
82500 0.586777 1.24092
82600 -0.853129 -2.30617
82700 -0.499017 -3.45264
82800 -0.807993 -1.05377
82900 0.653155 0.802662
83000 -0.527218 1.53932
83100 -0.724196 -0.872888
83200 -0.977858 -0.559379
83300 1.20942 0.707761
83400 -0.595408 -0.0549446
83500 2.2988 1.86375
83600 0.209487 -1.13357
83700 0.168249 -2.51235
83800 -1.76028 -0.647582
83900 -0.317896 -0.239608
84000 0.127715 -0.104472
84100 1.38774 -0.372374
84200 1.26793 -1.09764
84300 0.53096 0.624734
84400 -0.802932 0.477065
84500 1.02059 1.81773
84600 0.546117 0.43974
84700 -0.122407 -0.692624
84800 -1.7695 0.586382
84900 -0.0414299 -1.04334
85000 1.17664 -1.7968
85100 1.11371 -0.304209
85200 0.856714 1.14087
85300 -0.867142 0.698764
85400 1.04618 0.827319
85500 0.12462 -0.402335
85600 1.50097 -1.32114
85700 1.16016 0.558193
85800 -0.942594 -0.828202
85900 -0.52232 -0.251364
86000 -1.17147 -2.14894
86100 -0.132738 -1.34081
86200 -0.325691 2.11735
86300 1.05202 0.165836
86400 0.09458 0.764561
86500 -0.117855 -0.641358
86600 0.685512 -0.505264
86700 -0.684318 0.909963
86800 -0.211075 -1.43965
86900 0.00369307 -1.36898
87000 1.01755 -0.538778
87100 -0.377121 -1.16837
87200 -0.367684 0.53324
87300 0.252157 -0.349061
87400 0.0204721 0.273946
87500 1.50001 0.572023
87600 -0.0577139 0.648009
87700 0.0880869 -0.0894626
87800 1.35064 -0.90747
87900 0.232731 -0.00106821
88000 -0.257054 0.722704
88100 -0.573963 -0.747061
88200 0.161886 0.590663
88300 0.571226 0.244949
88400 1.05753 0.472398
88500 0.734673 -1.10994
88600 0.979371 -0.0946545
88700 -0.504481 0.156221
88800 0.685155 -0.100498
88900 -0.844667 -0.083848
89000 -0.797068 -0.0135752
89100 1.24444 -1.46565
89200 -0.724331 -0.743926
89300 -0.498159 -0.0289581
89400 0.673361 -0.873457
89500 0.426959 0.122014
89600 0.0057974 1.37307
89700 -0.122891 -0.347412
89800 -0.205197 -0.912869
89900 -0.302453 -1.39972
90000 -0.029042 -1.05578
90100 0.662249 -0.127548
90200 -0.663093 0.296472
90300 1.20078 -0.404453
90400 -0.0316455 -0.267056
90500 -0.700658 1.20106
90600 1.59966 1.02167
90700 0.825121 -0.749791
90800 0.20384 0.111275
90900 0.121212 -1.77161
91000 -0.868335 -0.0053398
91100 -0.526301 0.107777
91200 -0.483909 0.439578
91300 2.768 0.349634
91400 0.258407 0.783997
91500 0.496641 -0.815665
91600 0.173933 -0.830944
91700 0.228434 0.682454
91800 1.07711 -0.0336189
91900 -0.115227 0.0399099
92000 -0.479278 -0.711849
92100 -0.014049 -1.13297
92200 -1.12558 -0.881632
92300 0.570042 0.0358302
92400 0.232358 0.375923
92500 0.298446 0.997824
92600 0.35556 0.377837
92700 -0.338117 0.44636
92800 0.230767 -1.53807
92900 -0.420505 -1.1008
93000 -0.618375 -0.348181
93100 0.762243 -0.497639
93200 0.803991 -2.11239
93300 0.223511 -1.37992
93400 -0.334263 1.73461
93500 0.251903 1.27441
93600 0.847315 0.773841
93700 0.0770899 -0.674391
93800 -1.28023 -0.486242
93900 -0.0706778 -0.88554
94000 0.915661 0.299393
94100 -0.140024 -0.0521932
94200 1.26987 -0.324206
94300 -0.371024 0.859391
94400 -0.219925 0.0970087
94500 1.23663 -0.709962
94600 0.579076 -0.0517206
94700 1.77636 0.204551
94800 0.244347 0.779257
94900 -0.175887 -0.0381552
95000 -0.720856 -1.69803
95100 -0.873603 -0.778844
95200 0.32334 0.720572
95300 0.88858 -0.456063
95400 0.801853 -0.649742
95500 0.448369 0.480716
95600 0.0805593 1.0085
95700 -0.396296 0.372071
95800 -1.44461 -0.902913
95900 -0.69648 -0.591623
96000 0.989379 -1.44888
96100 0.160245 -1.02244
96200 0.0908962 -1.62226
96300 -0.386212 -0.406537
96400 0.947615 1.16935
96500 0.437871 1.28494
96600 -0.366964 0.764178
96700 0.820208 -1.26654
96800 -0.143018 -1.68913
96900 0.773825 -0.054092
97000 -0.665081 -0.158526
97100 -1.11464 -0.223008
97200 0.462276 0.44492
97300 -0.105226 -0.0150978
97400 -0.422074 -0.870994
97500 2.11597 0.495067
97600 1.22237 1.2321
97700 1.4835 0.867912
97800 0.582837 -0.894379
97900 -0.106096 -0.852213
98000 -0.967804 -0.251402
98100 -0.0534143 0.137703
98200 0.815092 -0.321653
98300 -0.0752095 -0.0533406
98400 0.469766 -0.65019
98500 -0.595178 0.591463
98600 -0.243226 0.433262
98700 1.90824 0.919375
98800 0.130127 -0.414787
98900 -0.0902197 -0.868886
99000 -0.238715 -0.750197
99100 -1.48873 -1.04356
99200 0.175752 -1.22191
99300 0.787143 -1.04658
99400 -0.00485413 0.345759
99500 -1.64953 0.0804795
99600 1.53214 0.0674776
99700 1.2646 -0.00569401
99800 -0.652043 -1.37911
99900 -0.211114 0.433171
100000 0.0116677 1.10831
100100 -0.00320585 -0.624885
100200 0.0446299 -1.44048
100300 -0.502265 -0.297506
100400 0.642467 0.0740103
100500 1.26552 0.964052
100600 0.220054 0.413898
100700 0.572738 0.162764
100800 1.43933 -0.883457
100900 -0.785307 -0.65508
101000 0.104295 0.401426
101100 -0.126062 0.112134
101200 1.82481 0.312446
101300 -0.885772 -0.881507
101400 -0.174221 0.36227
101500 0.661249 0.421591
101600 -0.209272 0.51609
101700 0.68272 -0.4666
101800 0.933879 -0.723923
101900 0.232172 -0.316331
102000 -0.029549 0.309876
102100 -1.55036 -0.628393
102200 0.737182 -0.980637
102300 0.0109775 -0.949906
102400 -0.111904 -0.125264
102500 0.167657 -0.610217
102600 1.13714 1.47027
102700 0.237014 -1.2468
102800 -0.799213 -0.0319067
102900 -0.392982 -0.0293635
103000 0.506408 -0.0813287
103100 -0.389854 0.19482
103200 -0.701345 -1.35519
103300 0.492687 -0.477705
103400 0.269965 -0.146019
103500 0.317759 -0.316981
103600 0.083971 0.789278
103700 1.18063 0.768709
103800 0.721253 -1.19679
103900 -0.373638 0.229402
104000 0.0983004 0.275053
104100 0.82372 -0.637804
104200 -0.0437376 -0.676479
104300 0.479034 -0.209966
104400 0.567603 -0.38158
104500 -0.0415709 0.506784
104600 -0.690991 0.259202
104700 0.168851 2.09928
104800 1.13157 -1.12753
104900 1.29686 -0.385824
105000 -0.2604 -0.352462
105100 -0.963938 0.384552
105200 -0.873956 0.417846
105300 0.523144 -2.2123
105400 0.214743 -0.127439
105500 0.939897 -0.468286
105600 0.955738 -0.192272
105700 0.345196 -0.0170442
105800 -0.348498 0.393875
105900 -0.052789 -0.887177
106000 -1.29278 -0.248652
106100 -0.523354 0.0953233
106200 1.02301 -1.20213
106300 -0.884446 -0.103105
106400 0.220967 -0.0413352
106500 0.478843 -0.491914
106600 -0.0950004 0.168589
106700 0.0969495 0.35903
106800 0.72916 0.719445
106900 0.814495 -1.08245
107000 0.691689 0.148513
107100 0.755238 -0.254381
107200 -1.58984 -2.3005
107300 0.242048 -0.0455614
107400 0.639616 1.62819
107500 0.583024 0.363009
107600 -0.439501 -0.184528
107700 0.875558 -0.689551
107800 0.883539 0.667255
107900 0.514529 0.636373
108000 -0.389097 -0.69997
108100 -0.574892 0.239027
108200 0.383606 0.666984
108300 0.784769 -0.464514
108400 -0.413648 -2.00653
108500 -0.407195 -1.65474
108600 1.01836 2.13447
108700 1.45357 -0.775589
108800 0.147115 -0.804411
108900 -0.975915 0.319409
109000 -1.51206 0.51218
109100 1.65872 -0.51061
109200 -0.0217467 -0.607976
109300 0.118571 -1.09778
109400 -0.0963676 0.71629
109500 -1.224 -0.17299
109600 -0.480589 -0.824693
109700 1.32287 -0.405725
109800 1.09162 1.68831
109900 -0.366662 -0.0376365
110000 0.731819 -0.87183
110100 0.497752 -0.708035
110200 0.0615869 -1.10136
110300 -0.1462 -0.503913
110400 -0.440001 0.694725
110500 -0.333464 1.28295
110600 1.23463 0.0747535
110700 1.79844 -1.86931
110800 -0.948724 -0.318533
110900 -0.32996 1.50479
111000 -0.444045 0.100121
111100 0.527117 0.764696
111200 1.15687 -0.876902
111300 0.538416 -0.313389
111400 -1.08141 -0.505258
111500 -1.18387 -0.767076
111600 2.14075 -0.018201
111700 0.0108485 -0.550381
111800 1.3867 0.684376
111900 -0.29364 0.682471
112000 -0.990667 -0.474143
112100 -0.789922 -0.575146
112200 2.18023 -2.01252
112300 0.918856 -0.23391
112400 -2.00438 2.10856
112500 -1.02047 -0.501375
112600 0.511918 -0.987841
112700 1.47355 -0.751928
112800 -0.557732 0.893172
112900 -0.132401 0.639256
113000 1.01944 -1.3875
113100 2.18896 -0.293574
113200 -1.44328 0.314512
113300 -1.19053 -1.53647
113400 -0.242638 0.484783
113500 0.49284 0.0465914
113600 2.23875 0.9149
113700 -0.0828052 -1.13445
113800 -0.586394 -0.637492
113900 -0.885612 0.387337
114000 0.786788 1.72225
114100 0.839335 -0.225378
114200 0.231692 -1.46427
114300 0.160564 0.109927
114400 -0.0839469 0.282395
114500 -1.55548 -1.51407
114600 0.947586 -0.404229
114700 0.639104 0.677873
114800 1.36431 0.430282
114900 0.583726 0.715547
115000 -0.71648 -2.24995
115100 -0.885047 -0.199961
115200 0.551639 -0.392606
115300 1.21398 1.21362
115400 -1.72049 0.333417
115500 0.232054 -1.03507
115600 -0.105331 -0.941976
115700 1.08187 -0.145548
115800 -0.628266 -0.0691995
115900 -0.0866135 0.734746
116000 0.411807 0.539861
116100 2.27067 -0.663737
116200 -1.05743 -1.20173
116300 0.769818 -0.464528
116400 -0.642299 0.606577
116500 0.199953 -1.27629
116600 0.482861 0.820616
116700 0.453003 -0.019813
116800 -0.424616 -0.664543
116900 -0.124606 -0.149467
117000 0.619507 1.61694
117100 0.76438 -0.162176
117200 0.418675 -1.1145
117300 -0.161488 -0.136406
117400 -0.302727 -0.796059
117500 -0.202238 0.874881
117600 0.971319 0.012776
117700 1.01922 -1.96455
117800 -0.175025 0.30839
117900 -0.523887 0.56423
118000 -0.0650462 0.420721
118100 0.525507 -0.870401
118200 0.293206 -0.549393
118300 -0.568768 -0.429974
118400 0.624643 0.545363
118500 -0.290351 -0.0109083
118600 -0.915402 -1.0848
118700 -0.00738501 -1.39986
118800 1.05846 1.90741
118900 0.444551 -0.457973
119000 0.136079 0.0165024
119100 -0.340161 -0.49848
119200 1.32288 -1.34595
119300 1.36234 0.433367
119400 -0.0472694 1.30615
119500 -1.5508 -0.486575
119600 -0.359133 -1.21234
119700 0.978337 0.583235
119800 0.383873 -0.265231
119900 0.491555 -0.135162
120000 -1.19971 0.460837
120100 1.04183 1.03397
120200 -0.0287125 0.346593
120300 -0.0274528 -1.81847
120400 0.46447 0.278693
120500 0.698854 -1.0535
120600 0.973864 0.374647
120700 0.282079 -0.400977
120800 -0.973242 -1.79757
120900 -0.977434 0.0222443
121000 1.55312 0.311971
121100 0.276344 0.0689046
121200 -0.708915 0.514275
121300 -0.0580537 -0.84013
121400 0.932132 0.0602096
121500 -0.865822 0.388947
121600 0.136679 0.0206863
121700 -0.722348 -0.504529
121800 -0.0956225 -0.304217
121900 2.00772 -0.242952
122000 -0.626419 -0.564863
122100 0.319743 -1.41299
122200 0.611708 2.42328
122300 0.296462 0.278865
122400 -0.11237 -1.91416
122500 0.431287 -0.531371
122600 -0.454258 0.134807
122700 0.417977 -0.38386
122800 0.551346 0.124727
122900 0.19158 0.139153
123000 0.169813 1.02686
123100 -0.706708 -0.444181
123200 -0.0970785 0.241348
123300 -0.328322 0.0968195
123400 1.96544 -0.787044
123500 -0.00217559 -0.181657
123600 0.407888 0.68354
123700 -0.551467 -0.10927
123800 0.276823 -1.2198
123900 -0.0710216 -1.39828
124000 0.311985 0.33361
124100 -0.12664 -0.479508
124200 0.524628 1.43186
124300 0.167152 -0.583634
124400 1.07149 -1.52259
124500 0.020163 -0.0132856
124600 -0.683215 0.513814
124700 -0.624459 1.53014
124800 0.459476 -0.548129
124900 -1.23601 0.251477
125000 0.835109 -1.17581
125100 0.629606 -1.86381
125200 0.379381 1.78158
125300 0.240921 -0.396349
125400 1.1232 -1.30385
125500 -0.827419 0.0978276
125600 0.724725 0.683453
125700 -1.28601 -1.55575
125800 1.28906 0.87427
125900 2.03381 -0.673838
126000 0.22215 0.872996
126100 -2.23988 -1.15495
126200 -0.0934473 0.903206
126300 0.17607 -0.439008
126400 -0.464755 0.778551
126500 0.394895 0.731235
126600 0.523717 -1.19243
126700 0.219358 -0.459154
126800 0.825534 -0.157538
126900 1.1042 -0.0885419
127000 -0.0295923 0.134768
127100 -1.60192 -0.801092
127200 1.08509 1.10057
127300 0.265345 -1.18699
127400 0.595663 -1.43449
127500 0.0327495 0.11676
127600 -0.0129638 0.45873
127700 -0.729317 -0.392583
127800 0.224321 -0.010806
127900 0.0837021 0.0327588
128000 -0.36195 0.0937382
128100 -0.96847 1.16486
128200 1.05433 -0.452682
128300 0.61878 -0.6801
128400 -1.01924 -0.81444
128500 0.75476 -0.645071
128600 1.44829 0.535662
128700 -1.32781 -0.334875
128800 -0.0521369 -0.0437795
128900 2.58295 -1.00879
129000 0.420891 -1.00995
129100 -1.15303 0.0166165
129200 -0.0377215 1.40546
129300 0.485735 1.37292
129400 0.0273732 -1.44942
129500 0.146747 -0.577739
129600 -0.652378 2.407
129700 -1.22745 -0.374073
129800 1.83552 -1.27818
129900 0.347169 -0.35064
130000 -0.182642 0.178289
130100 0.249435 -1.43722
130200 0.650934 -0.268786
130300 -0.323201 0.956415
130400 0.872649 -0.169272
130500 0.926084 -0.886529
130600 -0.498533 -0.656906
130700 -0.109764 0.235384
130800 0.634861 -0.902208
130900 -0.576735 1.05438
131000 -0.971378 0.0477865
131100 -1.21388 -0.160688
131200 1.11721 0.142024
131300 1.2232 0.236963
131400 -0.589616 -0.200271
131500 -0.346306 -0.768061
131600 0.270689 0.675376
131700 0.698369 1.00476
131800 -0.0607994 -2.38287
131900 0.68646 -0.125715
132000 -0.0898188 -0.0368951
132100 1.08655 -0.867842
132200 -0.52132 -0.878239
132300 -0.738947 -0.514315
132400 1.89596 -0.0687098
132500 -0.326059 2.0761
132600 0.0822167 1.1513
132700 -1.50928 -0.499892
132800 1.35208 -1.19439
132900 0.368886 -0.699151
133000 0.0792522 -0.505496
133100 -1.14678 -0.23754
133200 0.332295 1.08033
133300 0.282117 0.10945
133400 1.12355 0.0355612
133500 -0.681288 -1.57005
133600 0.176702 0.47584
133700 1.81859 -0.0202771
133800 1.0946 -0.508506
133900 1.34047 -0.299695
134000 -1.22228 -0.654511
134100 -1.14652 0.565341
134200 -2.16669 1.09281
134300 1.27286 0.182491
134400 1.86862 -0.564296
134500 1.58127 -1.46266
134600 -1.51867 0.888466
134700 -0.662719 0.0412665
134800 -0.832302 0.173158
134900 1.42379 -0.767271
135000 -0.177499 -0.288078
135100 0.0909852 0.366126
135200 -0.984561 -1.56087
135300 0.715874 -1.07831
135400 1.51456 -1.22973
135500 0.484712 0.335659
135600 0.539385 0.661902
135700 -0.800257 1.86289
135800 -0.77467 0.258312
135900 -1.64518 -1.30213
136000 3.56884 -1.13537
136100 -1.24602 0.364508
136200 -0.682348 1.02642
136300 1.62473 0.138022
136400 0.183793 -0.459624
136500 -2.01991 0.7501
136600 0.895718 -1.36905
136700 0.74269 0.344264
136800 0.214987 -1.1877
136900 1.97229 -0.216838
137000 0.854282 0.109763
137100 -0.00575562 -0.667017
137200 -0.616981 0.147984
137300 -1.90669 0.81169
137400 0.101474 0.201207
137500 0.693111 -1.56582
137600 -0.798442 0.658642
137700 0.114406 -0.73484
137800 0.917241 0.437278
137900 0.735874 0.409837
138000 -1.07954 -0.566263
138100 -1.00534 0.388011
138200 0.943936 0.421198
138300 0.0909395 -0.933068
138400 2.08464 -1.01196
138500 0.146588 -2.46309
138600 -0.78231 0.380028
138700 -0.110431 2.66765
138800 0.0809854 -0.245031
138900 0.0555268 -0.78725
139000 0.218256 -2.14876
139100 -0.576977 0.465011
139200 -0.129469 1.08722
139300 0.46005 0.856248
139400 -0.0599258 0.407801
139500 -0.0696491 0.149254
139600 -0.23846 -0.29037
139700 1.69307 -0.332666
139800 -0.0667894 -1.7692
139900 -1.03389 0.153327
140000 1.36912 1.12108
140100 0.489593 -0.0143679
140200 -1.35311 -0.22491
140300 0.959284 -1.14972
140400 0.664069 -0.68502
140500 1.02064 0.575037
140600 -0.771988 0.389511
140700 -0.0355743 0.967164
140800 0.018133 -0.8249
140900 0.770879 0.162966
141000 -1.35157 0.192223
141100 -0.95998 -1.22114
141200 0.247535 0.059172
141300 1.2293 -0.0670409
141400 1.18224 0.0344357
141500 -1.1018 -0.705561
141600 0.578217 -0.030841
141700 -0.500659 0.239775
141800 0.204775 -0.106361
141900 0.0137161 -1.08882
142000 0.720849 0.0620845
142100 0.512707 -1.34108
142200 -1.82004 -0.829592
142300 -0.697773 0.328573
142400 1.91003 0.511106
142500 -0.43341 1.02844
142600 0.269164 1.44924
142700 -0.237995 -0.535347
142800 1.00899 -0.316208
142900 0.602922 0.124914
143000 -1.54668 -0.731591
143100 0.365751 -0.138074
143200 0.929464 0.181478
143300 0.972805 0.219427
143400 -1.17188 -0.345626
143500 0.841481 -1.51343
143600 0.744356 -0.188085
143700 0.0597674 0.565267
143800 1.76478 1.42899
143900 -0.183266 -1.09843
144000 -1.65336 0.541903
144100 -1.45604 0.714706
144200 0.754187 -0.959314
144300 0.336424 -0.599977
144400 -0.00796145 0.0436332
144500 0.391494 0.975737
144600 -0.0563173 0.307471
144700 -0.273582 -0.354216
144800 -0.737404 -2.20756
144900 1.62655 0.290276
145000 1.44872 1.66865
145100 -0.74283 0.0420304
145200 0.590927 -1.57579
145300 -0.151393 -0.358094
145400 -1.2951 -2.33373
145500 -0.788178 0.707061
145600 -0.0705775 0.91823
145700 -0.113815 0.491522
145800 0.75602 1.04333
145900 0.560317 -1.37952
146000 0.383137 -1.01601
146100 -0.716868 1.37045
146200 0.317503 -0.0666156
146300 0.689249 0.246086
146400 -0.129558 -0.911324
146500 -0.6049 -1.3175
146600 -0.476053 0.231896
146700 1.0461 0.833873
146800 1.17071 0.0909799
146900 0.557122 -0.00823942
147000 -0.0441032 0.531893
147100 -0.398338 0.0373955
147200 0.410861 0.309453
147300 -0.595378 -0.0853835
147400 0.734377 -1.1605
147500 0.315109 -0.914722
147600 0.282984 -0.167183
147700 -1.28785 1.51536
147800 -0.523089 0.42615
147900 0.0047276 -0.710276
148000 0.358111 0.135114
148100 1.36847 0.371348
148200 0.999616 -0.148872
148300 -1.09186 0.140997
148400 -0.790878 -2.12339
148500 -0.965013 -1.36659
148600 0.720682 0.64365
148700 0.181488 -0.0472627
148800 0.497148 0.480007
148900 0.678912 -0.219162
149000 -0.509614 -1.06825
149100 -0.823164 0.260795
149200 0.0597986 1.05018
149300 1.53017 0.0173236
149400 -0.157999 -0.0828481
149500 -0.0185871 -0.305508
149600 -0.432667 0.23458
149700 -1.82841 -0.815306
149800 -0.16271 -0.232541
149900 2.25821 -0.457882
150000 0.607825 -0.398551
150100 -0.0195396 1.37443
150200 1.09864 0.549252
150300 0.841944 0.491944
150400 -1.11905 -1.80806
150500 1.14645 0.127795
150600 -0.259585 0.459473
150700 -0.0575342 -0.975293
150800 -0.835914 0.320803
150900 0.0867173 1.3476
151000 -1.00005 -0.740189
151100 1.12704 -0.621221
151200 0.20892 0.573926
151300 0.251059 1.44242
151400 0.84908 -0.116879
151500 -0.0522948 -0.875404
151600 -0.65546 -1.41067
151700 0.494474 -1.58278
151800 -0.472011 0.989236
151900 -0.136947 0.662351
152000 0.485403 -0.792387
152100 0.89626 -1.20513
152200 -0.249122 -0.0220556
152300 -0.718603 0.712095
152400 -0.039648 -1.13163
152500 0.879781 -0.185771
152600 -1.08735 0.110062
152700 -0.212792 0.520318
152800 0.0491588 0.790578
152900 -0.0595928 0.606573
153000 -0.549038 -0.988342
153100 0.195082 -1.13381
153200 1.8769 -0.293127
153300 0.403948 -0.198163
153400 0.187694 1.13364
153500 0.971831 1.50451
153600 0.516562 -0.252598
153700 -1.38935 -1.87789
153800 0.191936 -0.143484
153900 1.85344 0.919066
154000 1.27889 -0.478912
154100 -1.07513 0.038182
154200 -0.657258 0.426363
154300 -0.265439 0.680166
154400 0.20778 0.153647
154500 -0.404403 1.03564
154600 0.53032 -0.994393
154700 0.392494 -1.34709
154800 0.714638 -0.415047
154900 -1.29501 0.0269021
155000 -0.765663 0.156473
155100 -0.183745 -0.354934
155200 0.0367236 -0.67252
155300 1.81876 -1.08556
155400 -0.316939 -1.44348
155500 0.145658 -0.0164844
155600 0.791852 1.39675
155700 -0.866639 -1.09585
155800 -1.11862 0.295103
155900 -0.0879563 0.916355
156000 -1.34712 0.442777
156100 1.4321 -0.964665
156200 0.780655 -0.782316
156300 0.00785537 0.564954
156400 -0.11547 0.23216
156500 0.470984 -0.214293
156600 -0.605057 0.106479
156700 0.468739 -0.2827
156800 0.605765 0.373922
156900 2.15164 0.0022596
157000 1.40229 -0.494367
157100 0.199476 -0.386011
157200 -0.267318 0.048298
157300 -1.58476 -0.202909
157400 0.460743 0.372091
157500 0.425781 0.0289026
157600 0.808486 1.35125
157700 0.053143 0.0557769
157800 -0.133933 -0.502801
157900 -0.365512 -0.309439
158000 -0.63199 -0.425961
158100 0.54925 2.25747
158200 0.301143 -0.639341
158300 -0.656727 -2.72259
158400 1.08234 -0.57794
158500 0.838999 -0.921184
158600 -1.8451 0.672075
158700 0.394806 -0.908017
158800 0.672407 -0.616695
158900 -0.726449 0.958992
159000 0.23822 -0.478808
159100 -0.752798 -0.0243794
159200 -0.264646 -1.48805
159300 0.657837 -0.423842
159400 0.304744 0.441145
159500 -0.089694 0.295755
159600 -0.115759 0.152025
159700 -0.839649 -0.134905
159800 0.284101 0.542576
159900 0.583469 -1.0226
160000 1.65709 0.685279
160100 0.769337 0.601029
160200 0.960423 0.417333
160300 0.588892 -0.89034
160400 0.254929 -0.45201
160500 -0.903507 0.408393
160600 0.755888 0.0700938
160700 0.317719 0.857973
160800 1.5313 0.425278
160900 -0.362908 0.71131
161000 -0.291168 -0.856781
161100 -0.662253 -0.438114
161200 0.467937 -0.693838
161300 -0.0880221 1.44584
161400 1.08148 0.0221819
161500 -0.0984389 -1.27801
161600 -0.859114 -0.876889
161700 -0.472333 -0.930453
161800 -0.0175794 -1.02141
161900 -0.330606 -0.907386
162000 0.957412 -0.738373
162100 -0.382824 1.10191
162200 -0.663348 0.145179
162300 -1.54885 -1.75303
162400 0.316415 -0.0737749
162500 0.530462 0.30316
162600 1.28645 -1.63564
162700 0.249639 0.733219
162800 -0.965168 0.950495
162900 -0.544573 0.371791
163000 -0.255408 -2.0527
163100 -0.0549475 -0.026891
163200 0.964561 0.792087
163300 1.181 -0.147
163400 1.87544 0.718576
163500 0.711136 0.838915
163600 1.6518 0.826396
163700 -0.986867 0.0383745
163800 -0.354847 -0.286613
163900 0.365882 0.0321186
164000 -1.19965 -0.963839
164100 2.07441 0.278901
164200 0.368607 -0.838094
164300 0.206597 -0.0222726
164400 -0.493158 1.50779
164500 1.00651 0.743807
164600 0.594803 0.332867
164700 -1.7162 -0.872479
164800 0.936579 -0.451375
164900 -1.33578 -2.08238
165000 0.0506366 -1.61831
165100 -0.0599968 -0.14371
165200 -0.688182 -0.864999
165300 -0.391666 -0.365882
165400 -1.08374 0.653756
165500 0.795834 0.71398
165600 2.33874 -0.217227
165700 1.00416 -1.41478
165800 -0.593328 -1.23258
165900 -1.32934 1.49952
166000 -0.0201339 -0.00565038
166100 -1.39032 -0.391495
166200 -0.222055 -0.326725
166300 1.60427 -0.103827
166400 2.79003 -0.460501
166500 0.743153 -0.767502
166600 -0.540356 0.815096
166700 1.00391 0.888769
166800 0.761202 0.890701
166900 -0.159246 -0.0460672
167000 -1.17296 -0.722714
167100 0.254923 -0.759764
167200 -0.350327 -0.410032
167300 0.384564 0.330172
167400 0.867982 -0.72534
167500 0.163265 0.561367
167600 0.709305 1.18843
167700 1.10593 0.32625
167800 1.01956 -1.40663
167900 0.0795519 -0.543461
168000 -0.610481 -0.359973
168100 -1.4163 -0.716545
168200 -0.408082 -0.727989
168300 1.32763 -1.04781
168400 -0.589898 1.2586
168500 -0.343475 -0.1435
168600 -0.686033 -0.562748
168700 1.38553 1.21339
168800 0.33559 -0.646796
168900 -0.333059 -1.7365
169000 0.743452 -0.276089
169100 -0.348822 -0.743885
169200 -1.06131 -0.52546
169300 -0.570284 -0.31559
169400 0.417837 0.129175
169500 1.09829 -0.654598
169600 1.89884 0.4167
169700 0.510412 -0.616802
169800 0.834076 0.582352
169900 0.123038 0.937954
170000 -0.950125 0.129849
170100 -0.924518 0.799248
170200 -0.167753 0.684658
170300 0.969996 -0.754094
170400 2.39679 -0.838794
170500 0.283418 -0.377636
170600 0.305727 -0.512156
170700 0.0850899 0.751699
170800 0.777514 0.634311
170900 0.930469 -0.946139
171000 -2.00931 -0.0246478
171100 -0.124821 -0.508296
171200 0.207167 -1.28634
171300 0.998962 -1.13802
171400 0.215573 -0.519229
171500 -0.738038 0.554476
171600 0.369364 1.00542
171700 -1.34566 -0.686376
171800 -0.941119 -0.582513
171900 1.19408 -0.482799
172000 1.72497 -1.04782
172100 -0.48083 -1.52701
172200 -1.17894 -0.962781
172300 0.353205 1.05192
172400 -0.0056244 0.688411
172500 0.22527 0.788547
172600 1.4476 0.451175
172700 0.504965 -1.42333
172800 1.27317 0.0567178
172900 0.494476 0.446862
173000 -0.0545232 -1.01151
173100 -1.53604 0.0810173
173200 -0.208474 0.454256
173300 0.729169 1.80856
173400 0.930083 -1.17872
173500 2.25902 -2.19755
173600 -0.402743 0.442529
173700 0.109107 0.527713
173800 -0.456276 -0.719233
173900 -1.57712 0.929905
174000 1.8924 1.16094
174100 1.28709 -0.50086
174200 -0.166444 -2.53814
174300 -2.45553 -0.591002
174400 1.39117 -0.771284
174500 0.642507 0.949786
174600 -0.57532 -0.150069
174700 0.0972741 0.408571
174800 0.180252 -0.490888
174900 2.03761 -0.316056
175000 -0.619349 -0.811764
175100 -0.604041 -1.16548
175200 -0.0206504 -1.04453
175300 -0.96065 1.65827
175400 0.138537 -1.51205
175500 0.0908201 -0.980449
175600 1.42324 0.774164
175700 0.254003 0.875059
175800 0.870993 0.305507
175900 0.205502 -1.08066
176000 0.0877538 -0.931028
176100 -0.141229 0.639136
176200 -0.736732 -0.20215
176300 0.868781 -0.613663
176400 0.329135 1.27288
176500 -0.51901 -0.503272
176600 1.66088 -1.64008
176700 -0.19505 1.02768
176800 1.08301 0.436872
176900 0.801049 -0.380344
177000 1.13493 0.043801
177100 -0.835181 -1.12004
177200 -1.1639 0.820789
177300 0.798681 -0.531532
177400 0.859461 0.220313
177500 0.805053 -1.17546
177600 -0.277226 0.00629069
177700 0.140307 -0.326811
177800 0.215454 1.71978
177900 0.0390019 -0.340104
178000 -0.627141 -2.32492
178100 0.272308 -0.094489
178200 0.751864 -0.806759
178300 -1.05988 0.221273
178400 0.817926 -1.08211
178500 0.541266 0.129687
178600 -1.13805 0.485738
178700 0.699123 -0.936365
178800 -0.5905 -1.48022
178900 1.08778 0.113855
179000 0.976699 0.330242
179100 1.34994 -0.124494
179200 -0.682684 -0.333303
179300 -1.98666 0.35739
179400 -0.25802 -0.317781
179500 0.861492 -0.201301
179600 0.879504 -0.241568
179700 1.18799 -0.31529
179800 1.15449 1.12301
179900 0.344433 -1.05339
180000 0.0280133 -0.158257
180100 -0.45164 0.224489
180200 0.173282 0.954106
180300 0.773932 -0.930012
180400 0.661297 -0.62457
180500 -0.436462 -0.694029
180600 0.613475 -0.505005
180700 0.586866 0.126384
180800 -0.916005 0.908778
180900 -0.112407 0.390804
181000 0.473643 -1.08408
181100 1.1037 -0.689259
181200 0.19326 -0.194014
181300 -0.25426 -0.280553
181400 -0.323646 -1.28262
181500 0.452149 -0.663331
181600 0.597557 -0.224811
181700 0.423189 -0.552876
181800 -0.846468 0.620182
181900 0.407312 0.404923
182000 0.540313 -0.667719
182100 0.22356 -1.39987
182200 -0.165862 0.584293
182300 -0.868957 0.161794
182400 1.47557 0.146049
182500 0.372767 0.359425
182600 0.10086 -0.395205
182700 -0.113256 0.276045
182800 1.05532 -0.386192
182900 0.912032 -1.10668
183000 -0.0281691 0.223824
183100 1.20167 -0.379493
183200 0.49596 -0.242161
183300 0.237133 -0.720082
183400 -0.0144199 -0.426204
183500 0.272956 1.50184
183600 -0.0285772 -0.106073
183700 0.530804 -0.636361
183800 -0.283371 0.191576
183900 0.0674167 -1.67412
184000 -0.835125 0.645985
184100 -0.466638 -1.36517
184200 -0.182391 -0.0860536
184300 1.09834 0.819946
184400 0.49969 0.0302149
184500 0.883725 -2.83674
184600 0.112265 -0.229744
184700 0.718149 0.75318
184800 -0.0990272 -1.26567
184900 -0.26992 -0.206978
185000 -0.600082 0.0377376
185100 -0.228041 -1.01976
185200 0.035218 -1.59058
185300 1.11521 0.328069
185400 1.99543 1.60045
185500 -1.03805 1.54898
185600 -0.030905 -0.542607
185700 1.11942 1.09826
185800 0.716181 -0.92625
185900 -0.443122 -1.36498
186000 1.02952 -0.15448
186100 0.692903 -0.737614
186200 0.54319 -0.299882
186300 0.207402 -0.694839
186400 -0.248434 0.178617
186500 0.808359 0.151251
186600 1.42666 0.854984
186700 1.19128 0.115114
186800 -0.176662 -0.345661
186900 -0.359893 -0.636158
187000 -1.07124 -0.340789
187100 -2.94532 -0.760772
187200 -0.205287 -0.909018
187300 1.3391 -1.68034
187400 0.50164 0.714113
187500 2.07577 0.404002
187600 0.665769 -1.25224
187700 -0.217832 0.425558
187800 -0.101871 -1.35692
187900 0.605612 0.0769281
188000 0.767293 0.123291
188100 -0.578366 -1.16936
188200 0.100684 -0.924041
188300 -0.076139 -0.822838
188400 -0.344007 -0.219451
188500 -0.250068 1.43733
188600 1.40183 1.89967
188700 1.25162 1.12031
188800 0.881628 -0.623968
188900 -0.0776793 -0.799385
189000 -0.524246 -1.17833
189100 0.517217 -2.02571
189200 0.953538 -0.0803064
189300 -0.422449 -0.24441
189400 0.339438 0.575701
189500 1.18328 0.390566
189600 -0.540644 -0.829685
189700 0.608566 -1.73259
189800 0.8724 0.617764
189900 0.286688 1.09148
190000 0.00680293 0.20327
190100 -1.69694 -0.876342
190200 -0.443759 0.222175
190300 -0.164492 -1.83892
190400 0.689757 -0.99642
190500 0.350249 0.288317
190600 1.22817 -0.44109
190700 1.44206 0.957991
190800 -0.835875 0.0110717
190900 -0.0512083 0.111691
191000 0.917827 -0.339072
191100 -0.927161 -0.381914
191200 0.682874 -0.982621
191300 0.291292 -0.908187
191400 -0.940978 -0.249066
191500 0.489462 0.159121
191600 0.368145 0.818141
191700 0.0984275 1.35161
191800 1.92308 -0.285448
191900 1.90729 -0.422043
192000 0.378226 1.29714
192100 -0.980049 -0.29856
192200 0.216107 -2.01788
192300 -0.989977 -0.513752
192400 -0.856274 0.403918
192500 0.918958 -0.484094
192600 1.32698 -0.255465
192700 0.170612 -0.719645
192800 0.345789 1.27141
192900 0.458787 0.498028
193000 -0.0792714 -0.791039
193100 -0.315686 -0.065191
193200 -0.397305 -1.35837
193300 -0.00881648 -1.16605
193400 -0.637206 -0.391805
193500 0.621927 -0.758265
193600 -0.175642 -0.0908023
193700 0.228578 -0.387014
193800 0.653235 0.500431
193900 0.132691 -0.318091
194000 1.11505 1.17257
194100 0.502542 -0.294774
194200 0.0604996 -1.69616
194300 -0.574447 -0.424232
194400 -0.288037 -0.250121
194500 -0.534223 0.373281
194600 1.06277 -0.189526
194700 1.4622 0.528204
194800 -0.0861591 -1.02365
194900 -0.443377 -1.0967
195000 0.497621 1.97058
195100 2.53323 0.28068
195200 1.02945 -0.125059
195300 -0.147833 0.376938
195400 -0.662171 -0.785845
195500 -0.815565 -0.450754
195600 -0.63519 -1.08425
195700 1.46327 -1.19306
195800 0.902389 -0.107528
195900 0.0776193 0.587228
196000 -0.617613 -0.539154
196100 -0.915113 0.710117
196200 -0.0484715 -0.357992
196300 0.579981 0.414843
196400 1.3228 0.693414
196500 -0.258643 -1.22498
196600 -0.570168 -1.89013
196700 -0.354332 -1.13499
196800 -0.401427 -0.695371
196900 0.207733 -0.773521
197000 0.297412 0.833018
197100 1.6962 1.08346
197200 0.431311 -0.570097
197300 0.418806 -1.98096
197400 0.799779 -0.00681461
197500 -0.49044 0.686494
197600 0.88018 1.86249
197700 -1.51449 0.00774013
197800 0.130908 -1.0559
197900 -0.506082 -0.3567
198000 1.3335 0.082683
198100 1.08225 0.341432
198200 1.38044 -0.143056
198300 0.594506 -1.17029
198400 0.796157 0.562334
198500 0.432203 0.977209
198600 -1.22173 -1.46029
198700 0.31877 -1.10786
198800 0.452383 0.0226177
198900 0.047644 -0.433009
199000 1.15623 -2.12044
199100 -2.19844 0.0414555
199200 -0.504389 1.83589
199300 0.096207 1.03618
199400 1.55531 0.00354996
199500 -0.0261964 -1.05096
199600 0.0159949 -1.33847
199700 -0.0588645 -1.26462
199800 -0.146774 -0.476664
199900 -0.887178 -1.29351
200000 -1.01815 -0.542571
200100 0.127602 1.26358
200200 1.07423 0.404979
200300 1.55377 -2.04123
200400 3.22647 -1.24814
200500 0.904579 -0.281077
200600 -0.601877 0.691867
200700 -1.13741 0.845414
200800 -1.41645 0.137253
200900 -0.0316178 0.837471
201000 1.68197 0.713653
201100 0.493157 0.156273
201200 0.61618 -1.48436
201300 0.614027 0.257023
201400 0.578171 0.00962662
201500 0.811068 -0.0304566
201600 0.958949 0.799969
201700 -1.6837 -0.418673
201800 1.30534 -0.823223
201900 2.01959 -1.08549
202000 -0.630623 -1.96161
202100 0.492863 -1.09485
202200 0.306896 0.989314
202300 -1.05183 0.902934
202400 -1.33542 -0.257988
202500 0.395097 0.275829
202600 0.0538962 -0.733669
202700 -0.696717 -0.7711
202800 0.887221 -0.0535458
202900 -0.660845 -1.0992
203000 -0.616531 -2.46587
203100 0.00456492 0.877612
203200 -0.640403 0.923263
203300 2.43314 -0.498429
203400 0.694786 -1.79389
203500 1.06694 0.0399027
203600 1.87901 -0.814735
203700 -0.605422 0.274271
203800 -0.672128 1.40392
203900 -0.748061 0.607174
204000 0.246141 0.850776
204100 0.910296 -0.52121
204200 0.617818 1.0791
204300 1.23263 -1.04671
204400 -0.0351717 -0.212074
204500 0.958589 0.819382
204600 -0.184224 -0.441433
204700 0.0567623 1.10092
204800 0.0137866 -1.23127
204900 0.442684 -2.37475
205000 1.46876 -1.42964
205100 0.834483 -0.359049
205200 0.536181 -0.699627
205300 -1.32116 0.99011
205400 -0.900744 0.949359
205500 -1.0433 -0.276709
205600 -0.86469 0.234138
205700 0.740311 -0.727376
205800 0.8228 -1.50575
205900 0.0477563 -0.964769
206000 -1.21197 -0.373539
206100 0.37919 -0.403821
206200 -0.0130432 1.03544
206300 1.29268 -0.298483
206400 0.219129 -1.36616
206500 2.22894 -0.70963
206600 2.35308 -1.17141
206700 -0.624507 1.16988
206800 -2.37951 0.560345
206900 0.271716 -0.335687
207000 0.485011 1.20944
207100 0.571306 0.0771686
207200 0.0859712 0.456672
207300 1.06666 -1.40094
207400 0.02592 -0.359996
207500 0.96231 0.799088
207600 -0.572044 0.79351
207700 0.903777 -0.940234
207800 0.342135 0.0844229
207900 0.941915 -0.853351
208000 0.44123 -1.56017
208100 -0.532469 -1.36614
208200 -0.94789 -0.462708
208300 0.804098 1.2281
208400 1.62637 0.844398
208500 -1.35064 0.0203641
208600 -0.353168 -1.31057
208700 0.875443 -0.187652
208800 -0.829664 -1.24136
208900 -0.6232 -0.277334
209000 -0.522505 -0.147574
209100 1.10129 -0.789302
209200 0.261225 0.228106
209300 -0.157074 -1.1884
209400 0.670139 -1.95673
209500 0.663496 0.564651
209600 0.254472 0.636946
209700 1.01824 -0.0113211
209800 0.170945 -1.00343
209900 -0.451603 0.733798
210000 -0.379027 0.462438
210100 0.451781 -0.420562
210200 0.637961 -0.17059
210300 1.74372 0.82146
210400 -0.162893 -0.493966
210500 0.784359 0.206546
210600 -0.671858 0.458327
210700 -0.110817 0.819963
210800 0.77197 0.214332
210900 0.854812 -0.755287
211000 1.01432 -1.83041
211100 0.132005 -0.512638
211200 0.18218 0.656759
211300 0.615525 -1.65128
211400 -0.40016 0.218354
211500 -0.73525 0.114132
211600 0.137631 0.649382
211700 -0.40087 -1.09937
211800 1.26398 -0.204694
211900 -0.0266107 -1.4773
212000 0.364732 0.100685
212100 -1.94464 0.0514546
212200 -0.25872 -0.591211
212300 -1.14911 -0.925877
212400 0.741422 -0.530127
212500 1.35087 -1.16124
212600 1.11834 -0.309104
212700 0.672617 0.460169
212800 1.91451 0.0271137
212900 -1.12384 -0.119561
213000 0.00373468 0.0374357
213100 -1.13355 -0.645343
213200 -0.121956 -0.199087
213300 0.576396 -0.900212
213400 1.94198 0.254766
213500 0.0298892 1.50464
213600 -0.886137 1.41883
213700 1.45724 0.61438
213800 0.967794 -0.623639
213900 1.36969 -0.404301
214000 0.0536402 -1.11272
214100 0.443861 -2.11886
214200 0.389396 -0.89824
214300 0.031483 1.02973
214400 -1.58915 0.173821
214500 0.811544 -0.420292
214600 1.80223 0.0228094
214700 0.463657 0.645246
214800 -1.01543 -0.470823
214900 -1.17412 -0.0500685
215000 -0.870408 -0.430678
215100 0.380068 -1.4945
215200 -0.824353 0.614666
215300 1.35543 -0.311957
215400 -1.00115 -1.36708
215500 0.522431 -1.16068
215600 0.783843 -0.901255
215700 1.24973 -1.32183
215800 0.778867 -0.144242
215900 0.905246 0.144353
216000 -1.53218 1.47656
216100 0.629335 0.113657
216200 -0.91491 -1.1108
216300 -0.612203 -0.390026
216400 0.33541 1.21314
216500 0.737123 0.21416
216600 0.714353 1.81401
216700 1.20352 -0.965959
216800 0.489541 -1.43182
216900 0.292791 1.69969
217000 1.82268 -1.28251
217100 0.86 0.00700199
217200 0.963674 0.330204
217300 -0.613747 -1.56838
217400 -0.946802 -0.479563
217500 0.513409 -0.282479
217600 -0.231063 0.420798
217700 0.18285 -0.189141
217800 0.26459 0.279429
217900 -0.568315 -0.504175
218000 -0.608584 -0.679063
218100 -1.02975 0.219201
218200 0.591036 -0.418144
218300 0.309024 -0.948411
218400 0.16682 -1.09133
218500 0.448929 -1.25119
218600 1.26064 -1.44084
218700 -0.794455 0.19975
218800 -0.195465 -0.83855
218900 0.902412 0.00852045
219000 -0.0341926 -0.776013
219100 -3.93014 0.288581
219200 0.481068 1.32994
219300 0.804256 -1.27533
219400 -2.17062 -2.13884
219500 -0.0266153 0.32268
219600 -0.892739 0.379102
219700 -2.74878 -0.779779
219800 -1.5419 -1.01003
219900 0.92609 -0.968009
220000 2.07304 -1.02647
220100 3.4584 -0.869311
220200 1.94065 -2.39471
220300 -1.93546 -3.50603
220400 1.93435 -2.23151
220500 3.33729 -0.121896
220600 1.65417 1.84839
220700 3.13111 2.69245
220800 0.479847 0.512859
220900 -2.45001 0.529708
221000 -0.6383 -0.438679
221100 -0.813891 -0.574741
221200 0.18808 -1.05277
221300 4.16186 0.640155
221400 6.41163 0.961851
221500 4.02459 -0.394892
221600 2.14546 -1.29789
221700 1.46862 0.149473
221800 -0.90507 1.36857
221900 4.41131 1.47755
222000 4.14597 0.984345
222100 -1.42164 1.61549
222200 -4.40498 1.44814
222300 1.20525 0.954979
222400 0.384633 1.53086
222500 -0.318431 1.38572
222600 -0.970725 1.30589
222700 1.60291 1.40888
222800 0.172448 2.11558
222900 -2.08244 -1.4835
223000 3.82421 -2.11966
223100 1.12477 -1.0737
223200 -3.43736 0.135565
223300 -1.65741 1.11535
223400 3.18153 1.44537
223500 -0.0515435 0.639936
223600 -1.29024 -1.32652
223700 -1.50168 -2.32019
223800 1.81495 -3.40927
223900 0.646119 -1.57728
224000 -1.29461 1.76592
224100 -0.726643 2.56654
224200 1.23748 0.85807
224300 -0.00710101 -0.950999
224400 -3.08819 -1.55804
224500 -1.16222 -1.14435
224600 0.0233972 -0.847615
224700 -0.820232 -1.43658
224800 0.593131 0.747991
224900 1.00326 0.71844
225000 0.158081 0.0859935
225100 -0.604648 -1.59388
225200 0.0271386 -0.550199
225300 -1.59286 1.76601
225400 1.29374 1.59665
225500 1.14552 1.71143
225600 0.0886943 -0.758646
225700 0.747658 -1.34653
225800 0.16916 -2.15474
225900 -0.178287 -1.29225
226000 -0.521869 1.64376
226100 2.40864 2.71331
226200 1.17519 2.90831
226300 1.7665 2.15385
226400 -0.0921326 -1.86643
226500 0.327326 -2.10796
226600 -0.357318 -0.692046
226700 -1.11189 0.58739
226800 1.55848 2.46481
226900 1.89336 -0.877927
227000 -1.33814 -0.695582
227100 -1.85097 0.425049
227200 -2.96577 1.52174
227300 -0.992613 0.00268595
227400 1.76059 -0.672083
227500 1.29499 -0.967056
227600 1.85759 -1.5843
227700 0.588622 -1.07051
227800 0.580045 -0.978349
227900 -0.196332 -0.845424
228000 -2.58491 -1.89692
228100 -1.17736 -0.0920595
228200 1.06474 -0.926454
228300 0.249427 0.414452
228400 -0.686988 0.015112
228500 -0.802217 0.127724
228600 -2.30609 0.177904
228700 -1.96993 1.21699
228800 0.679524 0.185503
228900 0.960429 -0.432101
229000 0.854417 0.241848
229100 1.4 -0.974795
229200 -0.723834 -1.4274
229300 0.298986 -0.735839
229400 1.43508 0.945909
229500 2.09618 -0.747644
229600 -0.201054 0.742717
229700 1.01389 -0.106998
229800 -0.163087 0.10908
229900 0.393475 2.08368
230000 -0.121647 0.71329
230100 -0.342123 1.54932
230200 0.959045 0.467779
230300 0.522552 -0.000111736
230400 0.224006 1.51258
230500 -1.2821 0.606354
230600 -1.83461 0.410152
230700 -0.339565 0.249985
230800 2.12519 -1.18623
230900 0.66885 -1.4618
231000 2.92165 -0.70102
231100 -0.994629 -0.607695
231200 -0.753269 0.0927517
231300 -0.726354 0.544448
231400 2.51984 0.88577
231500 0.416803 -1.18388
231600 -0.305793 -2.50362
231700 0.897179 -0.962219
231800 -2.10305 -0.446685
231900 -3.6062 0.693585
232000 -2.32368 0.273345
232100 -0.442223 -0.775565
232200 -0.156456 -1.48644
232300 -0.221138 -0.762675
232400 0.120231 0.458004
232500 -0.818854 0.73525
232600 -0.923897 -0.264956
232700 1.7336 0.0398903
232800 3.58732 -0.826484
232900 0.719418 0.390437
233000 2.19739 0.347618
233100 -0.0706777 -1.11253
233200 -1.61608 -0.885806
233300 -1.17247 -1.66894
233400 0.221949 -0.234494
233500 -0.199306 1.18157
233600 0.278694 1.5826
233700 -0.24734 0.293344
233800 -0.772428 2.31157
233900 0.755323 1.70983
234000 0.671068 2.09393
234100 -0.363311 2.19547
234200 2.09873 -0.276369
234300 1.53027 -0.232778
234400 2.11917 0.312699
234500 -1.12859 -0.890986
234600 -2.14619 -2.09068
234700 -0.0693581 -1.04091
234800 0.759429 -1.62491
234900 0.274285 -0.250321
235000 0.807676 -0.791648
235100 -0.851091 0.150053
235200 -0.19584 -0.497928
235300 1.59536 -0.470595
235400 0.0715504 -0.0706844
235500 0.860122 1.13765
235600 0.46678 0.194018
235700 -1.50839 -0.581454
235800 -0.778386 1.63342
235900 -1.15531 -0.0707279
236000 -1.93677 -0.659169
236100 -1.08933 -2.5169
236200 0.269943 -1.50438
236300 1.19744 -1.69254
236400 1.76882 -1.02082
236500 -0.955906 0.790894
236600 -0.988611 0.526814
236700 1.31364 0.511286
236800 3.14425 1.29854
236900 1.59118 -0.831121
237000 0.290404 -1.19379
237100 0.44727 1.57965
237200 -0.161092 1.15756
237300 -1.37998 0.37845
237400 -1.60819 -0.263661
237500 -0.255821 -1.3779
237600 -0.757354 -0.603763
237700 -0.428082 1.08092
237800 1.51656 0.697415
237900 1.31715 0.981828
238000 1.72321 -0.445425
238100 0.698292 -0.636381
238200 1.45599 1.7054
238300 2.24803 1.9206
238400 -0.871442 0.231463
238500 0.319009 -1.60153
238600 -0.327417 -1.57791
238700 0.217 -1.92098
238800 -0.884619 -1.9412
238900 -1.78005 0.762587
239000 -1.58211 -0.0972938
239100 -1.10833 -0.118997
239200 0.151235 0.166843
239300 1.28068 1.85594
239400 0.9456 -0.572827
239500 -0.916658 -1.06855
239600 0.850016 -0.151754
239700 1.31914 -0.162943
239800 -0.389494 -1.47356
239900 -1.48366 -0.0223825
240000 -0.644623 -1.27909
240100 0.00665982 -2.62461
240200 0.338496 -1.13004
240300 -0.351178 -1.04398
240400 0.434781 -0.505041
240500 -0.164975 2.06159
240600 0.146668 1.58783
240700 1.75487 -0.377499
240800 1.84216 -0.378068
240900 -0.399243 1.59461
241000 -1.31195 2.46525
241100 1.09835 1.2193
241200 0.578996 0.31456
241300 0.28744 -0.093711
241400 -0.439641 -2.20533
241500 -1.48989 -0.793937
241600 -1.01133 -0.644761
241700 1.02231 0.305049
241800 2.74286 -0.556799
241900 2.52715 1.42365
242000 0.53333 0.141079
242100 0.199946 0.00384819
242200 1.02915 0.451223
242300 0.67915 1.42488
242400 -0.146133 0.0683037
242500 -0.240887 -0.0949978
242600 -0.418653 -0.844236
242700 -2.01639 -0.954844
242800 -1.13379 -0.960838
242900 -2.53958 -0.84958
243000 -0.771164 -0.460599
243100 -1.07035 -1.77609
243200 1.33657 -0.0488529
243300 1.62986 0.640771
243400 2.31976 -0.151788
243500 0.439829 -0.824752
243600 -0.575827 0.298735
243700 -0.550457 -1.06454
243800 0.91211 -0.17005
243900 0.678712 -2.16632
244000 -0.407724 -2.38784
244100 -1.06666 -0.84924
244200 -1.56465 1.1989
244300 -1.04436 0.0343415
244400 -1.10672 0.972178
244500 -0.960665 1.1789
244600 0.627959 1.32348
244700 2.56073 1.15279
244800 1.95487 0.528373
244900 2.02437 -0.398556
245000 0.43422 -0.983269
245100 -0.524603 1.16068
245200 -0.410547 2.27821
245300 1.57191 0.0360272
245400 0.100719 -1.05176
245500 0.808345 -1.47153
245600 -1.01895 -0.296162
245700 1.16425 -0.702497
245800 -0.11252 -0.143562
245900 0.534461 0.0635885
246000 1.48079 0.563337
246100 1.05306 2.31475
246200 -0.586908 1.90085
246300 -2.0672 0.104944
246400 -0.775397 1.15948
246500 -0.290919 -1.64867
246600 0.562787 -1.16434
246700 -0.133795 -1.42563
246800 -0.503619 -2.40842
246900 -0.885045 -1.38386
247000 -1.2351 -0.106142
247100 -0.436261 -0.244591
247200 1.7856 -1.32715
247300 2.33077 -1.21555
247400 0.240888 -0.500774
247500 -1.08865 0.28457
247600 -0.0794368 -0.896164
247700 -0.205953 0.32449
247800 -0.16289 -0.0811982
247900 -0.639506 -0.413353
248000 -0.456351 0.320325
248100 -1.93027 0.340468
248200 -0.103455 -0.519592
248300 -1.15388 1.56405
248400 -0.777628 0.114381
248500 2.1973 0.471197
248600 2.51888 -0.362419
248700 1.25659 0.362247
248800 0.395535 -0.103617
248900 0.787881 -0.27274
249000 1.79715 1.64509
249100 1.27326 -0.0229138
249200 0.752833 -0.715779
249300 1.17543 -0.566883
249400 -1.44763 1.36079
249500 -0.96746 0.370961
249600 -1.22345 0.185694
249700 0.926093 1.52168
249800 0.496626 0.189356
249900 0.185 0.809449
250000 -1.74034 1.10723
250100 0.0572611 -0.902262
250200 0.574409 -0.352988
250300 -0.135833 -1.30893
250400 1.06996 -0.181246
250500 1.13469 -1.94261
250600 -1.12609 -0.6844
250700 -0.910362 -1.27845
250800 0.20821 -1.27607
250900 0.0886353 -1.46966
251000 -0.53592 -0.88475
251100 0.658972 -0.54743
251200 -0.572707 -0.191678
251300 -0.500598 -0.128826
251400 -0.294797 0.0873375
251500 -1.7666 -0.660754
251600 -1.67107 1.30262
251700 -0.651183 0.750416
251800 0.230517 -1.0446
251900 1.3609 -0.496681
252000 -0.0302154 -0.440128
252100 0.259147 0.889852
252200 1.62178 1.18515
252300 1.57122 -1.03923
252400 0.20957 -0.283742
252500 0.746596 -0.512198
252600 1.43042 1.14663
252700 1.41634 0.366577
252800 1.45582 1.06106
252900 -0.151307 0.892453
253000 -2.46458 0.650197
253100 0.391366 0.424981
253200 1.04796 1.40532
253300 -0.560373 0.453567
253400 -0.1234 0.50684
253500 1.21361 -0.203072
253600 -1.72511 0.599002
253700 0.272795 0.158726
253800 0.108256 -1.01838
253900 2.73123 -0.783183
254000 0.621334 -1.37945
254100 -0.0753534 -0.640868
254200 -0.14396 -0.187335
254300 -1.08875 -1.17706
254400 -0.349514 -0.704125
254500 -1.56451 -0.550575
254600 0.260787 -2.09801
254700 -0.0540458 -0.221637
254800 -1.16579 -0.284701
254900 0.745335 -0.583694
255000 -2.26493 -0.101917
255100 -0.534194 1.2434
255200 0.491931 0.389868
255300 -0.098141 0.00669446
255400 -1.13131 -2.2815
255500 0.774612 0.0376975
255600 -0.162496 -1.1705
255700 0.468966 0.433326
255800 0.312045 -1.61985
255900 0.889536 0.814696
256000 1.00725 0.462108
256100 0.846837 0.887714
256200 0.499134 0.000633717
256300 -0.352152 0.910768
256400 1.02243 1.06334
256500 1.19316 0.0459178
256600 1.65111 0.212695
256700 -0.565013 1.08585
256800 -1.46586 1.31667
256900 -0.88072 1.307
257000 -0.27341 0.387489
257100 0.889589 1.05097
257200 2.22194 -0.499287
257300 0.780403 -0.109935
257400 -0.477998 -0.703901
257500 1.00158 -1.00713
257600 1.38393 -0.905004
257700 -0.291224 0.902513
257800 -1.48713 -1.51249
257900 0.614453 -0.354874
258000 -0.258276 -0.423733
258100 0.127421 -0.941431
258200 -0.421176 -0.355276
258300 -2.85735 -1.02985
258400 -1.59041 -0.304134
258500 -0.334577 0.48031
258600 -0.641993 -0.439836
258700 1.44915 -2.07634
258800 -0.918538 0.706148
258900 -1.82861 -0.425117
259000 0.826929 -0.601881
259100 0.793379 -1.94179
259200 0.846907 0.253777
259300 0.991853 -0.736661
259400 1.64306 -0.0365845
259500 -0.351954 -0.439082
259600 -0.774932 0.723638
259700 0.0464147 1.01836
259800 0.106408 -0.627602
259900 0.539126 0.850421
260000 -0.0463124 1.83174
260100 0.988161 0.965113
260200 0.449354 -0.850972
260300 -0.321115 1.62036
260400 0.285124 1.66685
260500 -0.341491 0.0262623
260600 -0.0990455 1.20592
260700 1.74098 0.179865
260800 1.8054 -0.599943
260900 -0.0278276 -1.32715
261000 1.26636 0.409439
261100 -0.0592273 -0.0560777
261200 0.360218 -0.310364
261300 -0.201255 -0.372299
261400 0.0441409 1.33523
261500 -0.556046 -0.597432
261600 -0.334556 -1.01877
261700 -2.10365 -1.10046
261800 0.380044 -0.158529
261900 0.598991 0.849147
262000 0.500782 -1.09314
262100 -1.34884 -1.34386
262200 -0.790251 0.0226025
262300 -0.563115 0.132247
262400 -0.265375 -0.89951
262500 1.12675 -1.8273
262600 -1.96076 -2.71898
262700 -1.08846 -3.26472
262800 0.873525 -2.23242
262900 1.55744 -1.60966
263000 -0.0494263 -1.23295
263100 -0.880322 -1.88073
263200 -1.34309 -2.39164
263300 0.383013 -1.18169
263400 0.61314 1.61668
263500 1.62301 4.4196
263600 1.65798 3.55808
263700 1.09981 0.135867
263800 0.603628 -1.90777
263900 1.50716 -1.48392
264000 0.411259 -1.05101
264100 -1.20906 1.84518
264200 -0.224418 0.61482
264300 -1.16887 0.0962822
264400 0.979552 0.140354
264500 3.28008 0.914171
264600 2.95744 -0.262756
264700 1.15101 -0.524165
264800 -1.45583 1.88162
264900 1.67943 0.790505
265000 3.07555 -0.517461
265100 2.71805 0.774661
265200 2.91039 0.0689345
265300 -1.16925 0.364884
265400 -3.1535 1.47328
265500 -2.09774 -1.05975
265600 -1.18374 -3.39373
265700 0.279003 -3.12747
265800 -0.780725 -0.579445
265900 -0.633766 -1.07814
266000 -1.00584 -1.22224
266100 -0.00282244 -0.43811
266200 1.70977 0.600554
266300 3.00935 0.278138
266400 -0.229727 -0.760917
266500 -0.238744 -1.13706
266600 0.457682 -1.9726
266700 0.142275 -2.97871
266800 1.37557 -2.26114
266900 -0.501415 -2.33299
267000 -0.963985 -0.346193
267100 -2.14925 -0.221331
267200 -2.41456 0.0790269
267300 -0.758502 -2.4047
267400 1.11018 0.83237
267500 0.922486 -0.462358
267600 -0.0437643 0.437263
267700 2.66346 2.66091
267800 1.97517 2.11546
267900 2.27764 0.826869
268000 1.2941 0.294194
268100 -0.342642 0.108427
268200 -0.476591 -0.519398
268300 0.240507 -1.31717
268400 2.62408 -0.369783
268500 1.92908 -0.194849
268600 0.742492 0.064745
268700 1.7044 -0.0302867
268800 -0.103291 -0.488836
268900 -0.447041 0.958506
269000 -0.177422 1.77616
269100 0.548865 1.4797
269200 1.28811 0.954627
269300 2.05472 0.483309
269400 1.08534 0.0333983
269500 0.286913 0.198133
269600 -1.35751 -1.69776
269700 -2.20032 -1.11717
269800 -1.43747 -2.25179
269900 1.27554 -2.21099
270000 0.255915 -2.08074
270100 0.317599 -1.47785
270200 -1.10356 -0.348525
270300 2.17178 -0.905735
270400 0.163288 -2.34598
270500 0.64596 -4.02491
270600 0.835757 -1.97106
270700 -2.82278 1.07546
270800 0.0768762 1.04956
270900 0.348704 1.23522
271000 0.423735 0.311579
271100 -1.11205 -0.500305
271200 -0.779879 -2.09126
271300 -0.159107 -1.30803
271400 -1.48647 -0.353748
271500 -0.434589 -0.784592
271600 2.17721 -2.16277
271700 0.697063 -0.875366
271800 2.49839 2.29138
271900 3.14499 1.07505
272000 0.595674 1.42423
272100 1.617 0.0602425
272200 0.998756 -1.09775
272300 1.15832 0.857202
272400 1.66693 0.456938
272500 1.2412 1.68172
272600 0.359149 -0.747971
272700 -0.0647077 1.04454
272800 -2.07377 1.46572
272900 -1.33626 0.429804
273000 0.00162442 -0.356763
273100 0.824359 -0.548599
273200 0.192438 0.205186
273300 1.62538 0.945165
273400 1.62498 -0.73306
273500 3.89885 -0.537423
273600 1.70429 -1.01847
273700 -0.229413 -0.414528
273800 -0.584881 -1.92904
273900 -2.82058 -1.89384
274000 1.34184 -1.69002
274100 0.051645 -0.990961
274200 -0.459868 -1.32114
274300 -0.184619 -0.562726
274400 -1.88868 -1.93049
274500 -2.91167 -2.57423
274600 -1.02689 -0.711945
274700 0.174947 0.505925
274800 2.13563 0.0748372
274900 0.490263 0.879222
275000 0.833115 0.179916
275100 0.591036 -0.594343
275200 -0.328242 -2.13569
275300 0.678494 -1.52833
275400 0.393993 -1.72588
275500 0.556246 -3.58546
275600 -0.908929 -0.6495
275700 0.72275 1.55477
275800 1.81173 1.61076
275900 1.07344 0.653664
276000 0.634369 0.262445
276100 -0.113361 -0.258933
276200 2.35194 2.31064
276300 1.20075 1.69972
276400 1.55393 0.968059
276500 0.275647 0.323893
276600 1.17306 1.92412
276700 0.0237423 0.680931
276800 -0.324997 -0.451772
276900 -0.248756 -0.714406
277000 -0.634882 -1.94609
277100 -0.717425 -1.81296
277200 1.26351 -0.644008
277300 3.77029 0.187491
277400 3.37194 -0.23573
277500 1.34354 0.781456
277600 -1.15537 0.978639
277700 -0.34406 1.19862
277800 -1.29296 -1.50622
277900 0.887966 -2.19592
278000 0.0429604 -2.12004
278100 -0.903034 -1.16361
278200 -1.64558 -1.92147
278300 -1.43143 -1.76904
278400 -0.434551 -0.435764
278500 -1.46516 -0.964381
278600 -1.32652 -0.503769
278700 0.198203 -1.5997
278800 0.208693 -0.118733
278900 2.66437 -1.05786
279000 2.05097 0.581198
279100 2.94636 -2.57446
279200 1.64968 -2.31658
279300 -2.85068 0.175321
279400 -1.00917 0.0329094
279500 0.240706 0.227368
279600 -0.642128 0.152533
279700 0.376649 -0.969627
279800 0.510061 -0.51784
279900 0.0697579 -0.752623
280000 1.42989 1.51298
280100 0.979845 0.939385
280200 0.262494 1.70047
280300 2.39159 1.89884
280400 1.37335 1.62879
280500 0.319377 1.39229
280600 1.12787 -0.212779
280700 1.17108 1.24898
280800 1.26487 -2.33083
280900 1.26505 -1.78866
281000 1.07208 -1.56782
281100 0.177164 0.117391
281200 0.107742 0.152307
281300 0.73087 -0.177208
281400 1.04922 -0.58538
281500 -0.561167 1.27268
281600 0.535425 0.120066
281700 0.0904079 0.4049
281800 -0.659824 -1.84724
281900 -0.681208 -1.23658
282000 -1.6011 -1.48329
282100 -1.3937 -1.11417
282200 -0.48094 -1.04105
282300 1.19368 0.000323938
282400 -0.202602 0.0400214
282500 -0.147055 -2.83147
282600 0.00664148 -4.12905
282700 0.658429 -2.04084
282800 0.144452 -1.60612
282900 1.80794 -0.067017
283000 1.15616 -0.773998
283100 1.21654 -0.122844
283200 0.826056 0.56366
283300 -2.21532 0.313515
283400 -0.519024 -0.0194674
283500 -1.8023 -0.439162
283600 0.000435471 -0.867489
283700 0.574334 0.00031677
283800 2.9342 3.06401
283900 0.56108 1.60114
284000 -0.0558603 -0.186897
284100 -1.20823 -0.57609
284200 0.982869 -0.103182
284300 2.17981 1.15881
284400 4.07789 -0.421898
284500 2.0846 -1.88605
284600 3.21293 0.106475
284700 0.4341 0.449408
284800 0.231532 0.908329
284900 0.956572 -0.641525
285000 -0.98508 -0.188319
