# Time-averaged data for fix myat1
# TimeStep v_zave v_zdes
4551000 -18.5964 -16
4552000 -17.795 -16
4553000 -18.0084 -16
4554000 -18.6065 -16
4555000 -18.0843 -16
4556000 -17.9867 -16
4557000 -17.7738 -16
4558000 -18.6615 -16
4559000 -18.5142 -16
4560000 -17.8608 -16
4561000 -18.4995 -16
4562000 -18.4612 -16
4563000 -17.8416 -16
4564000 -17.7713 -16
4565000 -18.7243 -16
4566000 -18.6522 -16
4567000 -18.475 -16
4568000 -17.9588 -16
4569000 -18.1854 -16
4570000 -18.3676 -16
4571000 -18.7291 -16
4572000 -18.4239 -16
4573000 -17.8044 -16
4574000 -18.9621 -16
4575000 -18.9393 -16
4576000 -17.9878 -16
4577000 -17.8839 -16
4578000 -18.7088 -16
4579000 -18.3236 -16
4580000 -18.0848 -16
4581000 -17.8131 -16
4582000 -18.1367 -16
4583000 -18.1866 -16
4584000 -18.2824 -16
4585000 -18.126 -16
4586000 -18.3477 -16
4587000 -18.226 -16
4588000 -18.8962 -16
4589000 -18.1838 -16
4590000 -18.147 -16
4591000 -18.2822 -16
4592000 -18.1038 -16
4593000 -18.2778 -16
4594000 -18.6161 -16
4595000 -18.1698 -16
4596000 -17.2756 -16
4597000 -17.9093 -16
4598000 -17.7938 -16
4599000 -18.3814 -16
4600000 -18.1428 -16
4601000 -17.9507 -16
4602000 -18.6066 -16
4603000 -18.978 -16
4604000 -18.4414 -16
4605000 -18.7857 -16
4606000 -18.146 -16
4607000 -18.4592 -16
4608000 -18.4914 -16
4609000 -18.1798 -16
4610000 -18.9853 -16
4611000 -18.9666 -16
4612000 -19.0408 -16
4613000 -18.8926 -16
4614000 -18.9266 -16
4615000 -19.0072 -16
4616000 -19.09 -16
4617000 -18.9945 -16
4618000 -18.8328 -16
4619000 -17.4589 -16
4620000 -18.9529 -16
4621000 -18.7371 -16
4622000 -18.8386 -16
4623000 -18.8631 -16
4624000 -18.8352 -16
4625000 -18.739 -16
4626000 -18.8928 -16
4627000 -19.001 -16
4628000 -18.9913 -16
4629000 -18.977 -16
4630000 -19.0259 -16
4631000 -19.0252 -16
4632000 -18.9475 -16
4633000 -19.0211 -16
4634000 -18.6183 -16
4635000 -18.32 -16
4636000 -18.2194 -16
4637000 -17.4171 -16
4638000 -19.0262 -16
4639000 -18.9444 -16
4640000 -18.5809 -16
4641000 -18.2093 -16
4642000 -18.2561 -16
4643000 -17.6234 -16
4644000 -16.5821 -16
4645000 -18.177 -16
4646000 -18.2052 -16
4647000 -17.3363 -16
4648000 -18.2981 -16
4649000 -18.2589 -16
4650000 -18.1449 -16
4651000 -18.175 -16
4652000 -18.2237 -16
4653000 -18.201 -16
4654000 -18.1922 -16
4655000 -18.2366 -16
4656000 -18.2296 -16
4657000 -18.2275 -16
4658000 -18.1211 -16
4659000 -18.2257 -16
4660000 -17.4668 -16
4661000 -17.8649 -16
4662000 -18.3197 -16
4663000 -18.2556 -16
4664000 -18.1352 -16
4665000 -18.1981 -16
4666000 -18.2057 -16
4667000 -18.2459 -16
4668000 -18.8462 -16
4669000 -18.7904 -16
4670000 -18.25 -16
4671000 -18.341 -16
4672000 -18.7956 -16
4673000 -19.0231 -16
4674000 -19.0174 -16
4675000 -18.8639 -16
4676000 -18.928 -16
4677000 -19.0216 -16
4678000 -19.0281 -16
4679000 -19.0043 -16
4680000 -18.9674 -16
4681000 -18.975 -16
4682000 -17.9901 -16
4683000 -16.2774 -16
4684000 -18.2546 -16
4685000 -19.0647 -16
4686000 -18.5858 -16
4687000 -18.212 -16
4688000 -18.0214 -16
4689000 -18.1478 -16
4690000 -18.2658 -16
4691000 -18.8687 -16
4692000 -18.7561 -16
4693000 -18.767 -16
4694000 -19.0092 -16
4695000 -18.9807 -16
4696000 -18.9902 -16
4697000 -19.0535 -16
4698000 -19.1084 -16
4699000 -19.0185 -16
4700000 -18.9053 -16
4701000 -18.9307 -16
4702000 -19.0318 -16
4703000 -19.009 -16
4704000 -19.0255 -16
4705000 -19.0027 -16
4706000 -19.0547 -16
4707000 -19.0022 -16
4708000 -18.8755 -16
4709000 -19.0468 -16
4710000 -18.9496 -16
4711000 -18.9492 -16
4712000 -18.9857 -16
4713000 -19.0313 -16
4714000 -19 -16
4715000 -19.0772 -16
4716000 -19.005 -16
4717000 -19.0667 -16
4718000 -19.0238 -16
4719000 -18.9492 -16
4720000 -18.8645 -16
4721000 -18.9623 -16
4722000 -19.0618 -16
4723000 -18.9192 -16
4724000 -18.8782 -16
4725000 -18.9646 -16
4726000 -18.7985 -16
4727000 -18.8208 -16
4728000 -18.8515 -16
4729000 -18.7983 -16
4730000 -18.6359 -16
4731000 -18.7899 -16
4732000 -18.7331 -16
4733000 -18.8051 -16
4734000 -18.7355 -16
4735000 -18.6384 -16
4736000 -18.5896 -16
4737000 -18.9484 -16
4738000 -18.6722 -16
4739000 -17.8383 -16
4740000 -18.8279 -16
4741000 -18.9513 -16
4742000 -18.9032 -16
4743000 -18.9437 -16
4744000 -19.0127 -16
4745000 -18.9727 -16
4746000 -18.8332 -16
4747000 -18.8349 -16
4748000 -18.854 -16
4749000 -19.038 -16
4750000 -18.9667 -16
4751000 -18.8907 -16
4752000 -18.9246 -16
4753000 -18.9478 -16
4754000 -18.9604 -16
4755000 -18.9586 -16
4756000 -18.909 -16
4757000 -18.7347 -16
4758000 -18.8832 -16
4759000 -18.7272 -16
4760000 -18.8796 -16
4761000 -18.9689 -16
4762000 -18.9916 -16
4763000 -18.9142 -16
4764000 -19.0211 -16
4765000 -18.8572 -16
4766000 -17.7216 -16
4767000 -18.5987 -16
4768000 -18.9951 -16
4769000 -18.8961 -16
4770000 -19.006 -16
4771000 -18.9511 -16
4772000 -18.3703 -16
4773000 -18.3051 -16
4774000 -18.1536 -16
4775000 -18.2163 -16
4776000 -18.2003 -16
4777000 -18.3103 -16
4778000 -18.2176 -16
4779000 -18.128 -16
4780000 -18.7677 -16
4781000 -18.98 -16
4782000 -18.8826 -16
4783000 -18.9715 -16
4784000 -18.9521 -16
4785000 -18.9229 -16
4786000 -18.5893 -16
4787000 -18.2614 -16
4788000 -19.0228 -16
4789000 -18.828 -16
4790000 -18.8131 -16
4791000 -18.8 -16
4792000 -18.8471 -16
4793000 -18.8035 -16
4794000 -18.8229 -16
4795000 -18.8112 -16
4796000 -18.9011 -16
4797000 -18.7846 -16
4798000 -18.8429 -16
4799000 -18.8878 -16
4800000 -19.0265 -16
4801000 -18.6301 -16
4802000 -18.9919 -16
4803000 -19.03 -16
4804000 -18.9101 -16
4805000 -18.5926 -16
4806000 -18.0025 -16
4807000 -18.351 -16
4808000 -18.288 -16
4809000 -18.3384 -16
4810000 -18.2498 -16
4811000 -18.9564 -16
4812000 -18.9102 -16
4813000 -18.6116 -16
4814000 -18.0851 -16
4815000 -18.3107 -16
4816000 -18.2666 -16
4817000 -18.1557 -16
4818000 -18.2401 -16
4819000 -18.3733 -16
4820000 -18.9984 -16
4821000 -19.036 -16
4822000 -18.9573 -16
4823000 -18.8636 -16
4824000 -18.9632 -16
4825000 -18.4487 -16
4826000 -18.5285 -16
4827000 -18.5357 -16
4828000 -18.0745 -16
4829000 -18.1986 -16
4830000 -18.3156 -16
4831000 -18.8744 -16
4832000 -18.8547 -16
4833000 -18.826 -16
4834000 -19.0236 -16
4835000 -18.9983 -16
4836000 -18.9943 -16
4837000 -18.8632 -16
4838000 -18.9777 -16
4839000 -18.9907 -16
4840000 -18.954 -16
4841000 -18.8513 -16
4842000 -18.8906 -16
4843000 -18.9014 -16
4844000 -19.0244 -16
4845000 -18.5797 -16
4846000 -17.6766 -16
4847000 -17.4931 -16
4848000 -17.6395 -16
4849000 -17.5329 -16
4850000 -17.9626 -16
4851000 -17.888 -16
4852000 -17.3327 -16
4853000 -18.0924 -16
4854000 -18.958 -16
4855000 -18.8544 -16
4856000 -18.9567 -16
4857000 -18.8975 -16
4858000 -18.9977 -16
4859000 -18.9449 -16
4860000 -18.8389 -16
4861000 -18.992 -16
4862000 -18.9795 -16
4863000 -19.0422 -16
4864000 -18.9784 -16
4865000 -19.0245 -16
4866000 -18.9513 -16
4867000 -18.9016 -16
4868000 -18.6519 -16
4869000 -18.3286 -16
4870000 -18.2765 -16
4871000 -18.3354 -16
4872000 -18.1715 -16
4873000 -18.226 -16
4874000 -18.1256 -16
4875000 -18.0346 -16
4876000 -17.2803 -16
4877000 -16.9524 -16
4878000 -16.0148 -16
4879000 -17.2874 -16
4880000 -18.8936 -16
4881000 -18.9551 -16
4882000 -18.9606 -16
4883000 -18.9888 -16
4884000 -18.7182 -16
4885000 -18.9863 -16
4886000 -18.2357 -16
4887000 -18.0477 -16
4888000 -17.6577 -16
4889000 -18.1552 -16
4890000 -18.18 -16
4891000 -18.2492 -16
4892000 -18.3362 -16
4893000 -17.7445 -16
4894000 -18.3832 -16
4895000 -18.2935 -16
4896000 -18.9476 -16
4897000 -19.0255 -16
4898000 -19.0514 -16
4899000 -19.044 -16
4900000 -18.8478 -16
4901000 -18.1477 -16
4902000 -18.3322 -16
4903000 -18.2602 -16
4904000 -18.3096 -16
4905000 -18.2 -16
4906000 -19.0414 -16
4907000 -18.8656 -16
4908000 -18.961 -16
4909000 -19.0321 -16
4910000 -19.0464 -16
4911000 -18.9767 -16
4912000 -19.097 -16
4913000 -18.9708 -16
4914000 -19.0415 -16
4915000 -19.0046 -16
4916000 -19.0267 -16
4917000 -19.0401 -16
4918000 -18.9765 -16
4919000 -19.0274 -16
4920000 -18.9984 -16
4921000 -19.0744 -16
4922000 -19.0298 -16
4923000 -19.1024 -16
4924000 -19.0405 -16
4925000 -18.9674 -16
4926000 -18.2769 -16
4927000 -18.2062 -16
4928000 -17.52 -16
4929000 -17.9918 -16
4930000 -18.4898 -16
4931000 -18.9336 -16
4932000 -19.0449 -16
4933000 -19.03 -16
4934000 -18.376 -16
4935000 -18.0504 -16
4936000 -17.6134 -16
4937000 -18.1587 -16
4938000 -18.1751 -16
4939000 -18.1418 -16
4940000 -17.6648 -16
4941000 -17.7618 -16
4942000 -17.9686 -16
4943000 -17.9557 -16
4944000 -17.7103 -16
4945000 -17.4619 -16
4946000 -17.2744 -16
4947000 -17.7248 -16
4948000 -18.7234 -16
4949000 -19.0589 -16
4950000 -18.9522 -16
4951000 -18.5909 -16
4952000 -18.147 -16
4953000 -18.4504 -16
4954000 -18.9686 -16
4955000 -18.8152 -16
4956000 -18.8934 -16
4957000 -19.0033 -16
4958000 -18.9996 -16
4959000 -19.0695 -16
4960000 -18.9185 -16
4961000 -19.0222 -16
4962000 -19.0542 -16
4963000 -18.5448 -16
4964000 -18.7626 -16
4965000 -18.7171 -16
4966000 -18.5003 -16
4967000 -18.1477 -16
4968000 -17.8417 -16
4969000 -18.8708 -16
4970000 -18.9858 -16
4971000 -18.9637 -16
4972000 -18.7203 -16
4973000 -18.7237 -16
4974000 -18.6794 -16
4975000 -18.7788 -16
4976000 -18.9556 -16
4977000 -18.9749 -16
4978000 -18.9661 -16
4979000 -18.5524 -16
4980000 -18.7514 -16
4981000 -18.8018 -16
4982000 -18.9206 -16
4983000 -18.6955 -16
4984000 -18.8886 -16
4985000 -19.1 -16
4986000 -19.0694 -16
4987000 -19.0215 -16
4988000 -18.9367 -16
4989000 -19.033 -16
4990000 -18.973 -16
4991000 -18.7796 -16
4992000 -18.8565 -16
4993000 -18.0266 -16
4994000 -18.3197 -16
4995000 -18.0997 -16
4996000 -18.199 -16
4997000 -18.3999 -16
4998000 -18.2266 -16
4999000 -18.2912 -16
5000000 -18.2795 -16
5001000 -18.2709 -16
5002000 -18.362 -16
5003000 -18.7611 -16
5004000 -18.2338 -16
5005000 -18.1407 -16
5006000 -18.3306 -16
5007000 -18.2711 -16
5008000 -18.2949 -16
5009000 -18.3807 -16
5010000 -18.2568 -16
5011000 -18.2833 -16
5012000 -18.2992 -16
5013000 -17.9829 -16
5014000 -17.5031 -16
5015000 -17.6863 -16
5016000 -17.4479 -16
5017000 -17.2907 -16
5018000 -17.5144 -16
5019000 -17.7058 -16
5020000 -17.7129 -16
5021000 -18.0898 -16
5022000 -18.5838 -16
5023000 -18.182 -16
5024000 -18.0157 -16
5025000 -18.7917 -16
5026000 -18.8883 -16
5027000 -18.8911 -16
5028000 -18.9898 -16
5029000 -18.9387 -16
5030000 -18.6998 -16
5031000 -16.2515 -16
5032000 -17.064 -16
5033000 -17.6018 -16
5034000 -17.2504 -16
5035000 -17.5334 -16
5036000 -18.258 -16
5037000 -18.352 -16
5038000 -18.2207 -16
5039000 -18.3242 -16
5040000 -18.1606 -16
5041000 -18.3903 -16
5042000 -18.3858 -16
5043000 -17.8866 -16
5044000 -17.8996 -16
5045000 -18.1305 -16
5046000 -18.0945 -16
5047000 -18.8874 -16
5048000 -18.4533 -16
5049000 -18.1537 -16
5050000 -17.9855 -16
