# Time-averaged data for fix myat1
# TimeStep v_zave v_zdes
7851000 -13.3868 -13
7852000 -13.5657 -13
7853000 -13.3986 -13
7854000 -13.5079 -13
7855000 -13.6077 -13
7856000 -13.7563 -13
7857000 -15.5853 -13
7858000 -14.2492 -13
7859000 -13.419 -13
7860000 -12.6682 -13
7861000 -12.8286 -13
7862000 -13.6786 -13
7863000 -14.9443 -13
7864000 -14.8052 -13
7865000 -14.3346 -13
7866000 -12.8149 -13
7867000 -13.5098 -13
7868000 -13.4183 -13
7869000 -13.7117 -13
7870000 -12.7947 -13
7871000 -12.5105 -13
7872000 -13.0745 -13
7873000 -13.7026 -13
7874000 -13.8362 -13
7875000 -12.7028 -13
7876000 -15.2545 -13
7877000 -15.4075 -13
7878000 -12.5881 -13
7879000 -13.8888 -13
7880000 -12.905 -13
7881000 -13.7472 -13
7882000 -15.057 -13
7883000 -13.614 -13
7884000 -14.0836 -13
7885000 -14.1069 -13
7886000 -13.975 -13
7887000 -12.5593 -13
7888000 -14.5548 -13
7889000 -11.8176 -13
7890000 -13.5645 -13
7891000 -13.8987 -13
7892000 -12.644 -13
7893000 -13.6115 -13
7894000 -12.8738 -13
7895000 -13.9219 -13
7896000 -14.0983 -13
7897000 -13.0862 -13
7898000 -14.0816 -13
7899000 -13.4756 -13
7900000 -13.2403 -13
7901000 -13.0571 -13
7902000 -13.3596 -13
7903000 -13.9267 -13
7904000 -13.4694 -13
7905000 -13.332 -13
7906000 -13.5317 -13
7907000 -13.1293 -13
7908000 -13.1915 -13
7909000 -14.2991 -13
7910000 -11.5678 -13
7911000 -13.5 -13
7912000 -14.1119 -13
7913000 -15.4782 -13
7914000 -13.539 -13
7915000 -14.1862 -13
7916000 -14.1907 -13
7917000 -15.3415 -13
7918000 -12.9936 -13
7919000 -12.3678 -13
7920000 -14.3989 -13
7921000 -15.4171 -13
7922000 -12.612 -13
7923000 -13.1937 -13
7924000 -13.2728 -13
7925000 -14.0697 -13
7926000 -13.9947 -13
7927000 -13.8804 -13
7928000 -13.9621 -13
7929000 -15.6576 -13
7930000 -13.6826 -13
7931000 -13.4787 -13
7932000 -13.2269 -13
7933000 -13.8538 -13
7934000 -13.9503 -13
7935000 -14.0626 -13
7936000 -12.8989 -13
7937000 -12.1103 -13
7938000 -13.8576 -13
7939000 -13.3433 -13
7940000 -15.1107 -13
7941000 -12.1213 -13
7942000 -12.686 -13
7943000 -14.7022 -13
7944000 -11.6499 -13
7945000 -13.2339 -13
7946000 -12.5586 -13
7947000 -11.0658 -13
7948000 -14.6825 -13
7949000 -13.4118 -13
7950000 -13.7316 -13
7951000 -12.8175 -13
7952000 -13.3415 -13
7953000 -12.5739 -13
7954000 -14.539 -13
7955000 -10.7361 -13
7956000 -13.0197 -13
7957000 -15.8205 -13
7958000 -12.6952 -13
7959000 -12.0301 -13
7960000 -14.3725 -13
7961000 -11.7256 -13
7962000 -11.2405 -13
7963000 -13.4862 -13
7964000 -14.0423 -13
7965000 -14.6908 -13
7966000 -13.4985 -13
7967000 -14.4149 -13
7968000 -13.4097 -13
7969000 -12.4183 -13
7970000 -13.5612 -13
7971000 -12.5429 -13
7972000 -14.4011 -13
7973000 -13.409 -13
7974000 -13.0415 -13
7975000 -13.4242 -13
7976000 -13.9291 -13
7977000 -13.6157 -13
7978000 -14.1001 -13
7979000 -14.6203 -13
7980000 -14.9932 -13
7981000 -14.4124 -13
7982000 -13.3581 -13
7983000 -13.0799 -13
7984000 -12.4182 -13
7985000 -13.89 -13
7986000 -13.3199 -13
7987000 -13.1409 -13
7988000 -13.7758 -13
7989000 -14.4817 -13
7990000 -13.7831 -13
7991000 -12.9448 -13
7992000 -13.7847 -13
7993000 -13.6539 -13
7994000 -13.5307 -13
7995000 -12.6031 -13
7996000 -13.8101 -13
7997000 -13.7602 -13
7998000 -13.7572 -13
7999000 -12.6701 -13
8000000 -12.8779 -13
8001000 -15.1057 -13
8002000 -13.4418 -13
8003000 -12.4513 -13
8004000 -13.7386 -13
8005000 -12.7574 -13
8006000 -15.6772 -13
8007000 -12.7254 -13
8008000 -11.663 -13
8009000 -13.3102 -13
8010000 -13.458 -13
8011000 -13.9102 -13
8012000 -13.9956 -13
8013000 -11.6446 -13
8014000 -14.4599 -13
8015000 -13.1876 -13
8016000 -13.1411 -13
8017000 -14.018 -13
8018000 -14.8507 -13
8019000 -13.6477 -13
8020000 -13.0789 -13
8021000 -13.5852 -13
8022000 -13.8827 -13
8023000 -14.5317 -13
8024000 -13.6474 -13
8025000 -12.7681 -13
8026000 -13.115 -13
8027000 -13.1646 -13
8028000 -12.8724 -13
8029000 -13.924 -13
8030000 -12.643 -13
8031000 -14.0748 -13
8032000 -12.4273 -13
8033000 -14.3062 -13
8034000 -15.3017 -13
8035000 -13.0983 -13
8036000 -13.0362 -13
8037000 -13.5061 -13
8038000 -13.6131 -13
8039000 -14.1625 -13
8040000 -14.2031 -13
8041000 -13.5737 -13
8042000 -13.5764 -13
8043000 -13.2182 -13
8044000 -12.6699 -13
8045000 -14.6607 -13
8046000 -13.1381 -13
8047000 -12.6134 -13
8048000 -13.9333 -13
8049000 -13.9398 -13
8050000 -12.9707 -13
8051000 -14.1455 -13
8052000 -13.1136 -13
8053000 -13.0936 -13
8054000 -13.2852 -13
8055000 -13.0321 -13
8056000 -13.9362 -13
8057000 -14.607 -13
8058000 -13.5098 -13
8059000 -13.265 -13
8060000 -12.9512 -13
8061000 -14.4459 -13
8062000 -12.0309 -13
8063000 -13.161 -13
8064000 -14.5 -13
8065000 -15.2997 -13
8066000 -14.5368 -13
8067000 -13.1292 -13
8068000 -12.9482 -13
8069000 -14.981 -13
8070000 -12.8658 -13
8071000 -14.0292 -13
8072000 -15.3402 -13
8073000 -12.8441 -13
8074000 -14.443 -13
8075000 -16.226 -13
8076000 -12.9088 -13
8077000 -13.2043 -13
8078000 -13.0629 -13
8079000 -13.7571 -13
8080000 -13.3777 -13
8081000 -14.2486 -13
8082000 -13.3638 -13
8083000 -12.6189 -13
8084000 -13.9511 -13
8085000 -12.2025 -13
8086000 -11.9381 -13
8087000 -13.2028 -13
8088000 -13.5399 -13
8089000 -15.3927 -13
8090000 -13.8817 -13
8091000 -12.5504 -13
8092000 -13.4602 -13
8093000 -12.855 -13
8094000 -15.0874 -13
8095000 -15.4304 -13
8096000 -12.9987 -13
8097000 -11.6106 -13
8098000 -14.1025 -13
8099000 -15.3026 -13
8100000 -13.4141 -13
8101000 -13.5012 -13
8102000 -13.0763 -13
8103000 -14.7652 -13
8104000 -14.6746 -13
8105000 -13.0422 -13
8106000 -13.5501 -13
8107000 -13.6009 -13
8108000 -13.1417 -13
8109000 -12.814 -13
8110000 -13.9921 -13
8111000 -13.5962 -13
8112000 -15.4777 -13
8113000 -13.6817 -13
8114000 -13.4229 -13
8115000 -11.99 -13
8116000 -13.3396 -13
8117000 -14.084 -13
8118000 -15.607 -13
8119000 -14.3655 -13
8120000 -12.2256 -13
8121000 -12.3671 -13
8122000 -15.1452 -13
8123000 -13.3863 -13
8124000 -12.604 -13
8125000 -12.3964 -13
8126000 -13.8611 -13
8127000 -15.4135 -13
8128000 -13.2917 -13
8129000 -13.6938 -13
8130000 -11.9852 -13
8131000 -13.2454 -13
8132000 -14.101 -13
8133000 -13.5567 -13
8134000 -12.7777 -13
8135000 -13.1491 -13
8136000 -12.1581 -13
8137000 -15.3623 -13
8138000 -13.5537 -13
8139000 -12.7509 -13
8140000 -12.7098 -13
8141000 -13.0928 -13
8142000 -13.6101 -13
8143000 -14.2794 -13
8144000 -12.0711 -13
8145000 -12.1009 -13
8146000 -15.0153 -13
8147000 -14.6947 -13
8148000 -12.1513 -13
8149000 -12.6308 -13
8150000 -14.8949 -13
8151000 -12.0974 -13
8152000 -12.5594 -13
8153000 -15.4858 -13
8154000 -14.6681 -13
8155000 -11.6479 -13
8156000 -13.0388 -13
8157000 -13.923 -13
8158000 -14.1474 -13
8159000 -12.923 -13
8160000 -12.6521 -13
8161000 -13.9354 -13
8162000 -13.1912 -13
8163000 -11.4496 -13
8164000 -14.3705 -13
8165000 -13.8524 -13
8166000 -11.5971 -13
8167000 -13.6629 -13
8168000 -15.4726 -13
8169000 -11.6017 -13
8170000 -14.1026 -13
8171000 -13.4488 -13
8172000 -12.0935 -13
8173000 -14.8028 -13
8174000 -13.3023 -13
8175000 -12.2794 -13
8176000 -13.5924 -13
8177000 -14.4368 -13
8178000 -13.1169 -13
8179000 -11.7355 -13
8180000 -14.7885 -13
8181000 -13.5261 -13
8182000 -11.5988 -13
8183000 -12.5922 -13
8184000 -15.5175 -13
8185000 -13.6791 -13
8186000 -11.5187 -13
8187000 -13.605 -13
8188000 -11.6364 -13
8189000 -13.7917 -13
8190000 -12.9977 -13
8191000 -13.7375 -13
8192000 -12.6711 -13
8193000 -13.9173 -13
8194000 -14.0341 -13
8195000 -13.7744 -13
8196000 -12.8675 -13
8197000 -14.7461 -13
8198000 -13.6157 -13
8199000 -11.9038 -13
8200000 -13.4749 -13
8201000 -12.162 -13
8202000 -13.8117 -13
8203000 -13.0978 -13
8204000 -13.0782 -13
8205000 -13.7948 -13
8206000 -13.4864 -13
8207000 -13.7967 -13
8208000 -12.4697 -13
8209000 -13.7807 -13
8210000 -15.3369 -13
8211000 -13.7306 -13
8212000 -13.5638 -13
8213000 -12.9042 -13
8214000 -13.8238 -13
8215000 -13.9575 -13
8216000 -14.1155 -13
8217000 -13.3712 -13
8218000 -12.7191 -13
8219000 -13.1288 -13
8220000 -13.0684 -13
8221000 -12.3314 -13
8222000 -12.812 -13
8223000 -13.1563 -13
8224000 -13.3277 -13
8225000 -13.1475 -13
8226000 -13.2938 -13
8227000 -12.8044 -13
8228000 -12.1854 -13
8229000 -13.3183 -13
8230000 -13.3549 -13
8231000 -12.7986 -13
8232000 -13.837 -13
8233000 -12.9323 -13
8234000 -13.3506 -13
8235000 -13.3849 -13
8236000 -13.8435 -13
8237000 -13.3019 -13
8238000 -14.1265 -13
8239000 -13.8442 -13
8240000 -11.7702 -13
8241000 -14.4917 -13
8242000 -11.8081 -13
8243000 -13.0391 -13
8244000 -13.2733 -13
8245000 -12.8879 -13
8246000 -12.2231 -13
8247000 -13.8386 -13
8248000 -14.2612 -13
8249000 -13.8259 -13
8250000 -12.6059 -13
8251000 -14.7021 -13
8252000 -13.7989 -13
8253000 -12.9111 -13
8254000 -14.2045 -13
8255000 -14.7743 -13
8256000 -13.1696 -13
8257000 -14.0168 -13
8258000 -13.2119 -13
8259000 -13.8554 -13
8260000 -14.5461 -13
8261000 -14.2132 -13
8262000 -10.8864 -13
8263000 -13.7246 -13
8264000 -14.9504 -13
8265000 -13.5512 -13
8266000 -13.5747 -13
8267000 -13.7975 -13
8268000 -13.2099 -13
8269000 -13.7075 -13
8270000 -13.2931 -13
8271000 -13.9405 -13
8272000 -14.0046 -13
8273000 -14.8715 -13
8274000 -13.3973 -13
8275000 -12.8889 -13
8276000 -12.7868 -13
8277000 -13.4051 -13
8278000 -13.9698 -13
8279000 -11.9412 -13
8280000 -12.068 -13
8281000 -12.9736 -13
8282000 -13.9123 -13
8283000 -13.6159 -13
8284000 -13.1426 -13
8285000 -13.369 -13
8286000 -12.4319 -13
8287000 -12.4155 -13
8288000 -12.4603 -13
8289000 -14.2026 -13
8290000 -11.1976 -13
8291000 -13.3305 -13
8292000 -15.8147 -13
8293000 -11.618 -13
8294000 -12.2848 -13
8295000 -14.1052 -13
8296000 -13.2543 -13
8297000 -13.0575 -13
8298000 -13.2269 -13
8299000 -16.8821 -13
8300000 -16.2489 -13
8301000 -12.169 -13
8302000 -13.6407 -13
8303000 -13.3632 -13
8304000 -12.903 -13
8305000 -14.0178 -13
8306000 -12.6345 -13
8307000 -14.2586 -13
8308000 -13.9256 -13
8309000 -13.1376 -13
8310000 -13.504 -13
8311000 -13.5739 -13
8312000 -13.3995 -13
8313000 -14.0831 -13
8314000 -13.5987 -13
8315000 -14.1494 -13
8316000 -14.0535 -13
8317000 -13.97 -13
8318000 -11.9411 -13
8319000 -14.3266 -13
8320000 -12.9056 -13
8321000 -12.5956 -13
8322000 -13.334 -13
8323000 -14.8538 -13
8324000 -13.5297 -13
8325000 -12.4525 -13
8326000 -15.6567 -13
8327000 -14.3693 -13
8328000 -10.4735 -13
8329000 -13.6656 -13
8330000 -15.1993 -13
8331000 -13.9083 -13
8332000 -12.8452 -13
8333000 -11.8554 -13
8334000 -12.5184 -13
8335000 -13.7803 -13
8336000 -12.4109 -13
8337000 -12.9894 -13
8338000 -12.7848 -13
8339000 -11.5432 -13
8340000 -14.9343 -13
8341000 -14.7305 -13
8342000 -12.6315 -13
8343000 -14.1961 -13
8344000 -15.3087 -13
8345000 -13.2921 -13
8346000 -12.2031 -13
8347000 -14.6055 -13
8348000 -13.4796 -13
8349000 -12.7524 -13
8350000 -12.5649 -13
