# Time-averaged data for fix myat1
# TimeStep v_zave v_zdes
8302000 -13.1674 -12.5
8304000 -12.4959 -12.5
8306000 -13.676 -12.5
8308000 -12.846 -12.5
8310000 -12.5568 -12.5
8312000 -12.7748 -12.5
8314000 -13.5915 -12.5
8316000 -12.6287 -12.5
8318000 -12.375 -12.5
8320000 -12.4596 -12.5
8322000 -12.3596 -12.5
8324000 -12.038 -12.5
8326000 -11.707 -12.5
8328000 -11.4076 -12.5
8330000 -11.9115 -12.5
8332000 -12.5195 -12.5
8334000 -11.6161 -12.5
8336000 -11.2902 -12.5
8338000 -13.0438 -12.5
8340000 -13.6671 -12.5
8342000 -14.0767 -12.5
8344000 -13.6318 -12.5
8346000 -12.8692 -12.5
8348000 -12.1426 -12.5
8350000 -11.9126 -12.5
8352000 -11.9743 -12.5
8354000 -11.7614 -12.5
8356000 -11.7815 -12.5
8358000 -11.3534 -12.5
8360000 -12.3558 -12.5
8362000 -13.3987 -12.5
8364000 -13.6513 -12.5
8366000 -13.5182 -12.5
8368000 -13.6239 -12.5
8370000 -13.4277 -12.5
8372000 -12.5993 -12.5
8374000 -12.5045 -12.5
8376000 -12.002 -12.5
8378000 -11.2798 -12.5
8380000 -11.3776 -12.5
8382000 -11.9068 -12.5
8384000 -12.385 -12.5
8386000 -13.5272 -12.5
8388000 -11.8514 -12.5
8390000 -11.2979 -12.5
8392000 -10.9649 -12.5
8394000 -10.6571 -12.5
8396000 -12.3335 -12.5
8398000 -12.9259 -12.5
8400000 -13.3558 -12.5
8402000 -13.2474 -12.5
8404000 -12.7847 -12.5
8406000 -12.5825 -12.5
8408000 -11.2714 -12.5
8410000 -11.9664 -12.5
8412000 -11.9804 -12.5
8414000 -10.8458 -12.5
8416000 -11.4524 -12.5
8418000 -11.6394 -12.5
8420000 -11.5077 -12.5
8422000 -11.0752 -12.5
8424000 -11.7301 -12.5
8426000 -11.7414 -12.5
8428000 -12.0943 -12.5
8430000 -13.1171 -12.5
8432000 -14.0754 -12.5
8434000 -14.5644 -12.5
8436000 -14.5219 -12.5
8438000 -14.5127 -12.5
8440000 -14.552 -12.5
8442000 -13.8974 -12.5
8444000 -13.8491 -12.5
8446000 -12.7219 -12.5
8448000 -12.8354 -12.5
8450000 -12.9272 -12.5
8452000 -13.0216 -12.5
8454000 -13.9733 -12.5
8456000 -14.2182 -12.5
8458000 -13.4956 -12.5
8460000 -13.6032 -12.5
8462000 -13.2797 -12.5
8464000 -13.1147 -12.5
8466000 -13.7295 -12.5
8468000 -12.6716 -12.5
8470000 -12.2281 -12.5
8472000 -12.1953 -12.5
8474000 -12.1381 -12.5
8476000 -14.3388 -12.5
8478000 -13.6852 -12.5
8480000 -12.3559 -12.5
8482000 -12.0149 -12.5
8484000 -12.4289 -12.5
8486000 -13.1382 -12.5
8488000 -13.6818 -12.5
8490000 -13.5262 -12.5
8492000 -12.728 -12.5
8494000 -12.3642 -12.5
8496000 -12.6123 -12.5
8498000 -12.1915 -12.5
8500000 -12.4963 -12.5
8502000 -13.3872 -12.5
8504000 -13.0432 -12.5
8506000 -12.4284 -12.5
8508000 -12.8086 -12.5
8510000 -14.0631 -12.5
8512000 -14.615 -12.5
8514000 -13.6233 -12.5
8516000 -13.5351 -12.5
8518000 -13.6035 -12.5
8520000 -13.0286 -12.5
8522000 -13.32 -12.5
8524000 -13.3895 -12.5
8526000 -13.1317 -12.5
8528000 -13.2296 -12.5
8530000 -13.3574 -12.5
8532000 -14.0068 -12.5
8534000 -13.4032 -12.5
8536000 -12.3063 -12.5
8538000 -12.7527 -12.5
8540000 -13.515 -12.5
8542000 -13.9675 -12.5
8544000 -13.8893 -12.5
8546000 -13.0148 -12.5
8548000 -12.5788 -12.5
8550000 -12.6524 -12.5
8552000 -12.7245 -12.5
8554000 -11.9012 -12.5
8556000 -12.3013 -12.5
8558000 -12.546 -12.5
8560000 -12.5159 -12.5
8562000 -12.1329 -12.5
8564000 -12.3782 -12.5
8566000 -12.5533 -12.5
8568000 -13.2262 -12.5
8570000 -13.3568 -12.5
8572000 -13.4551 -12.5
8574000 -14.2993 -12.5
8576000 -13.5454 -12.5
8578000 -13.2719 -12.5
8580000 -13.4132 -12.5
8582000 -12.7093 -12.5
8584000 -12.8161 -12.5
8586000 -13.3346 -12.5
8588000 -14.0985 -12.5
8590000 -13.6207 -12.5
8592000 -12.772 -12.5
8594000 -13.0545 -12.5
8596000 -13.6946 -12.5
8598000 -13.8207 -12.5
8600000 -13.7176 -12.5
8602000 -14.0817 -12.5
8604000 -14.4859 -12.5
8606000 -14.9942 -12.5
8608000 -13.4424 -12.5
8610000 -12.3715 -12.5
8612000 -12.075 -12.5
8614000 -12.1732 -12.5
8616000 -12.1553 -12.5
8618000 -11.9389 -12.5
8620000 -12.0859 -12.5
8622000 -12.2899 -12.5
8624000 -12.0344 -12.5
8626000 -12.9181 -12.5
8628000 -12.5628 -12.5
8630000 -12.8222 -12.5
8632000 -12.0405 -12.5
8634000 -11.8746 -12.5
8636000 -12.6684 -12.5
8638000 -12.7804 -12.5
8640000 -12.7397 -12.5
8642000 -12.6547 -12.5
8644000 -12.5892 -12.5
8646000 -12.9698 -12.5
8648000 -12.2011 -12.5
8650000 -11.3414 -12.5
8652000 -11.8335 -12.5
8654000 -12.1868 -12.5
8656000 -12.328 -12.5
8658000 -12.4044 -12.5
8660000 -12.6037 -12.5
8662000 -12.5576 -12.5
8664000 -12.3446 -12.5
8666000 -12.3736 -12.5
8668000 -11.7945 -12.5
8670000 -11.5428 -12.5
8672000 -11.8094 -12.5
8674000 -11.7419 -12.5
8676000 -11.2467 -12.5
8678000 -10.9263 -12.5
8680000 -10.9481 -12.5
8682000 -11.5961 -12.5
8684000 -11.6257 -12.5
8686000 -11.1779 -12.5
8688000 -10.9524 -12.5
8690000 -11.0324 -12.5
8692000 -10.839 -12.5
8694000 -11.0978 -12.5
8696000 -11.5765 -12.5
8698000 -11.8675 -12.5
8700000 -11.302 -12.5
8702000 -11.5448 -12.5
8704000 -11.7383 -12.5
8706000 -11.021 -12.5
8708000 -10.9999 -12.5
8710000 -10.7885 -12.5
8712000 -10.8549 -12.5
8714000 -11.2746 -12.5
8716000 -11.4945 -12.5
8718000 -11.4956 -12.5
8720000 -11.5453 -12.5
8722000 -11.8018 -12.5
8724000 -12.2799 -12.5
8726000 -12.9681 -12.5
8728000 -13.1268 -12.5
8730000 -12.9793 -12.5
8732000 -13.0614 -12.5
8734000 -13.2484 -12.5
8736000 -13.591 -12.5
8738000 -13.6258 -12.5
8740000 -12.807 -12.5
8742000 -13.595 -12.5
8744000 -13.662 -12.5
8746000 -13.7037 -12.5
8748000 -13.1158 -12.5
8750000 -12.9643 -12.5
8752000 -12.5772 -12.5
8754000 -12.7801 -12.5
8756000 -12.9559 -12.5
8758000 -13.8157 -12.5
8760000 -13.8886 -12.5
8762000 -13.7439 -12.5
8764000 -13.463 -12.5
8766000 -13.5097 -12.5
8768000 -13.4085 -12.5
8770000 -12.7399 -12.5
8772000 -12.028 -12.5
8774000 -12.5726 -12.5
8776000 -12.4866 -12.5
8778000 -12.4188 -12.5
8780000 -12.9841 -12.5
8782000 -13.4786 -12.5
8784000 -13.2613 -12.5
8786000 -13.1555 -12.5
8788000 -13.6473 -12.5
8790000 -13.3137 -12.5
8792000 -13.4744 -12.5
8794000 -13.6903 -12.5
8796000 -13.127 -12.5
8798000 -12.4627 -12.5
8800000 -12.198 -12.5
