# Time-averaged data for fix myat2
# TimeStep v_delta_r
100 7.27158
200 6.84614
300 6.56433
400 6.38768
500 6.13692
600 5.60486
700 5.37056
800 5.73263
900 6.20589
1000 6.02694
1100 5.89817
1200 6.10168
1300 6.11548
1400 5.8897
1500 5.50896
1600 5.30582
1700 5.11968
1800 5.1177
1900 5.15422
2000 5.51793
2100 5.71585
2200 5.72778
2300 5.84769
2400 6.10847
2500 6.65686
2600 6.97106
2700 7.20526
2800 7.75404
2900 7.92009
3000 8.04534
3100 8.62741
3200 8.54421
3300 8.5031
3400 8.47891
3500 8.47339
3600 8.00809
3700 7.76838
3800 7.81242
3900 8.25994
4000 8.46549
4100 8.31417
4200 8.67436
4300 9.29722
4400 9.74044
4500 9.73978
4600 9.77367
4700 9.96969
4800 9.83347
4900 9.44488
5000 8.98831
5100 9.27944
5200 9.57932
5300 9.87734
5400 10.3383
5500 10.1897
5600 9.79663
5700 9.17589
5800 8.4157
5900 8.03721
6000 7.96327
6100 7.68307
6200 7.37444
6300 7.11663
6400 7.1184
6500 6.5532
6600 6.25182
6700 6.24811
6800 5.63468
6900 5.71588
7000 6.44388
7100 6.77159
7200 6.43632
7300 6.81355
7400 7.2764
7500 7.28277
7600 7.06829
7700 6.77158
7800 6.59159
7900 6.63758
8000 7.07572
8100 6.98778
8200 6.86321
8300 6.86396
8400 6.98082
8500 7.5191
8600 8.24413
8700 8.28418
8800 8.03286
8900 7.30536
9000 7.22
9100 7.73298
9200 8.63674
9300 8.91124
9400 8.60256
9500 8.91916
9600 9.14267
9700 8.71783
9800 8.69835
9900 8.77348
10000 8.32109
10100 8.26664
10200 8.30969
10300 8.36078
10400 7.96124
10500 7.96241
10600 7.94462
10700 8.28211
10800 8.94864
10900 9.31561
11000 9.65019
11100 9.44404
11200 8.67235
11300 7.8651
11400 7.09169
11500 6.53423
11600 6.96519
11700 7.8004
11800 8.40936
11900 9.03417
12000 9.54993
12100 9.28107
12200 9.60387
12300 9.50396
12400 9.09487
12500 9.10472
12600 9.09457
12700 8.90386
12800 8.45235
12900 8.88881
13000 9.36744
13100 9.85958
13200 10.2893
13300 10.2551
13400 10.0728
13500 9.97124
13600 10.0146
13700 10.6188
13800 10.7977
13900 10.7342
14000 10.5565
14100 10.6318
14200 11.3184
14300 11.808
14400 11.9289
14500 12.3349
14600 12.9351
14700 13.195
14800 13.1002
14900 12.9955
15000 12.9268
15100 12.7454
15200 12.0505
15300 11.4651
15400 10.9245
15500 10.6689
15600 9.89222
15700 9.5393
15800 9.31703
15900 9.54494
16000 9.69278
16100 9.50538
16200 9.58761
16300 10.099
16400 10.8041
16500 11.2225
16600 11.2232
16700 10.6161
16800 9.81367
16900 9.50399
17000 9.45911
17100 9.05427
17200 8.46583
17300 8.23736
17400 8.31943
17500 7.96509
17600 7.54817
17700 7.6956
17800 7.35798
17900 7.38924
18000 8.19336
18100 8.57271
18200 8.72194
18300 8.61312
18400 8.36443
18500 8.37593
18600 8.1798
18700 7.85481
18800 7.87149
18900 7.59693
19000 7.77432
19100 7.5998
19200 7.15513
19300 6.73023
19400 6.49744
19500 6.81877
19600 7.38607
19700 7.6952
19800 8.05559
19900 8.29876
20000 8.1358
20100 8.04953
20200 7.7468
20300 7.67805
20400 8.11766
20500 8.13342
20600 8.00356
20700 7.75234
20800 7.47303
20900 7.51922
21000 7.77664
21100 7.46834
21200 7.08164
21300 7.47822
21400 7.83546
21500 8.0382
21600 8.38151
21700 8.87478
21800 9.10582
21900 9.38194
22000 9.82566
22100 9.91413
22200 9.47314
22300 8.62836
22400 7.6936
22500 7.47511
22600 7.69117
22700 7.68228
22800 7.25587
22900 7.1161
23000 7.10613
23100 7.14874
23200 7.27788
23300 7.44964
23400 7.57314
23500 7.84815
23600 7.90686
23700 8.00961
23800 8.64919
23900 9.31351
24000 9.2566
24100 9.03106
24200 9.53079
24300 9.88932
24400 9.76053
24500 9.50201
24600 9.34923
24700 9.39719
24800 9.33311
24900 9.34837
25000 9.24898
25100 9.15646
25200 9.24022
25300 9.4653
25400 9.65413
25500 10.0495
25600 10.3264
25700 10.5814
25800 10.4324
25900 10.3851
26000 10.4718
26100 10.2827
26200 9.5365
26300 9.34507
26400 9.71648
26500 10.1741
26600 10.1805
26700 9.50955
26800 8.96494
26900 8.67514
27000 7.85997
27100 7.65243
27200 7.74492
27300 7.86662
27400 7.7012
27500 7.70699
27600 7.79601
27700 7.57373
27800 7.34397
27900 7.25254
28000 7.53064
28100 7.99235
28200 7.71576
28300 7.2647
28400 7.25891
28500 7.45866
28600 7.43769
28700 7.1424
28800 7.35529
28900 7.55249
29000 7.56999
29100 7.54846
29200 7.39891
29300 7.49953
29400 7.19377
29500 6.84889
29600 6.70311
29700 7.24423
29800 7.57888
29900 8.33541
30000 8.98616
30100 9.58132
30200 9.87243
30300 10.1155
30400 11.2322
30500 13.0194
30600 14.672
30700 15.723
30800 16.4029
30900 16.851
31000 17.157
31100 17.4228
31200 18.1473
31300 18.3904
31400 18.8021
31500 19.738
31600 20.9196
31700 21.9544
31800 22.8897
31900 23.8672
32000 25.0899
32100 25.7286
32200 26.323
32300 26.9444
32400 27.5035
32500 28.3883
32600 29.8395
32700 30.498
32800 31.4604
32900 32.1589
33000 32.7714
33100 33.4517
33200 34.5365
33300 35.3555
33400 36.2584
33500 36.6136
33600 37.0722
33700 37.833
33800 38.2683
33900 38.6902
34000 39.1841
34100 39.7646
34200 40.6153
34300 41.7091
34400 42.2224
34500 42.9199
34600 43.7298
34700 44.2848
34800 44.5953
34900 45.2625
35000 46.0851
35100 46.2251
35200 46.4959
35300 46.9868
35400 47.39
35500 47.3398
35600 47.6889
35700 47.9942
35800 48.1873
35900 48.613
36000 49.0094
36100 49.0653
36200 49.0197
36300 49.0832
36400 49.2384
36500 49.4236
36600 49.261
36700 49.0886
36800 49.1337
36900 48.9197
37000 49.243
37100 49.3688
37200 49.3473
37300 49.4572
37400 49.3338
37500 49.2858
37600 49.6128
37700 50.1348
37800 50.5636
37900 50.7238
38000 50.5803
38100 50.3017
38200 50.2701
38300 50.082
38400 50.0879
38500 50.5208
38600 50.8348
38700 50.6817
38800 50.5251
38900 50.2774
39000 49.859
39100 49.7734
39200 49.4007
39300 49.3535
39400 49.4825
39500 49.4933
39600 50.0974
39700 50.5089
39800 50.6084
39900 50.9398
40000 50.7574
40100 50.0428
40200 49.9969
40300 49.9347
40400 50.006
40500 50.3835
40600 50.7551
40700 50.4708
40800 50.5774
40900 50.5565
41000 50.2958
41100 50.4459
41200 50.3332
41300 50.1919
41400 50.1051
41500 50.2644
41600 50.3716
41700 50.2078
41800 50.2447
41900 50.3532
42000 50.4417
42100 50.4012
42200 50.2515
42300 50.2412
42400 50.0163
42500 50.0027
42600 49.9504
42700 49.7042
42800 49.7951
42900 49.7959
43000 49.8293
43100 50.0438
43200 50.2584
43300 50.1995
43400 50.0638
43500 49.9004
43600 49.6107
43700 49.8199
43800 50.1564
43900 50.2586
44000 50.2943
44100 50.1461
44200 50.0471
44300 50.0371
44400 49.9952
44500 50.0532
44600 50.2309
44700 50.1019
44800 50.116
44900 50.1712
45000 50.0461
45100 50.4318
45200 50.5871
45300 50.2594
45400 50.1276
45500 49.6602
45600 49.4212
45700 49.3428
45800 49.5997
45900 49.9027
46000 50.0855
46100 50.3257
46200 50.1622
46300 50.0238
46400 50.0176
46500 50.1173
46600 50.0881
46700 49.8324
46800 49.6255
46900 49.4749
47000 49.8864
47100 50.2838
47200 50.4259
47300 50.4372
47400 50.519
47500 50.1569
47600 50.0116
47700 50.0816
47800 49.8548
47900 50.0512
48000 50.2631
48100 50.2045
48200 49.9604
48300 49.8071
48400 49.768
48500 49.6985
48600 49.6947
48700 49.7384
48800 49.5227
48900 49.6202
49000 50.145
49100 50.4151
49200 50.3417
49300 50.3588
49400 50.3359
49500 50.3447
49600 50.0521
49700 49.7916
49800 49.6535
49900 49.8109
50000 50.2456
50100 50.4292
50200 50.4077
50300 50.2279
50400 50.0328
50500 49.7148
50600 49.6674
50700 49.9295
50800 49.8778
50900 49.8739
51000 49.8199
51100 49.7416
51200 49.6699
51300 49.4361
51400 49.4466
51500 49.7389
51600 49.8383
51700 49.8025
51800 49.9998
51900 50.2116
52000 50.2016
52100 50.3558
52200 50.4256
52300 50.566
52400 50.5785
52500 50.4031
52600 50.2559
52700 49.7504
52800 49.6735
52900 49.7563
53000 49.9255
53100 49.6738
53200 49.7442
53300 50.0871
53400 50.275
53500 50.4976
53600 50.633
53700 50.2977
53800 50.1665
53900 49.7794
54000 49.4816
54100 49.6769
54200 49.7203
54300 49.595
54400 49.5716
54500 49.7618
54600 49.986
54700 50.0189
54800 50.2588
54900 50.6824
55000 51.0176
55100 50.9417
55200 50.7257
55300 50.165
55400 49.8361
55500 49.6551
55600 49.8047
55700 50.2192
55800 50.556
55900 50.6715
56000 50.686
56100 50.4931
56200 50.3274
56300 50.3325
56400 50.5875
56500 50.6872
56600 50.7434
56700 50.7322
56800 50.4606
56900 50.4445
57000 50.3797
57100 50.1227
57200 50.3361
57300 50.3012
57400 50.423
57500 50.4062
57600 50.202
57700 50.0003
57800 49.7207
57900 49.5983
58000 49.6076
58100 49.5629
58200 49.8429
58300 49.9371
58400 50.2312
58500 50.5839
58600 50.48
58700 50.5283
58800 50.466
58900 50.5437
59000 50.4825
59100 50.512
59200 50.3118
59300 50.1813
59400 49.8206
59500 49.5985
59600 49.5254
59700 49.9462
59800 50.137
59900 50.3664
60000 50.3016
