# Time-averaged data for fix myat3
# TimeStep c_rgyr
100 11.1007
200 11.1111
300 11.1848
400 11.2239
500 11.1995
600 11.2036
700 11.2495
800 11.3042
900 11.2496
1000 11.1808
1100 11.1262
1200 11.092
1300 11.1105
1400 11.1822
1500 11.2636
1600 11.362
1700 11.3318
1800 11.2896
1900 11.2403
2000 11.1704
2100 11.1975
2200 11.1818
2300 11.138
2400 11.0798
2500 10.9836
2600 10.8989
2700 10.8984
2800 10.9036
2900 10.9414
3000 10.9604
3100 10.9395
3200 10.898
3300 10.8316
3400 10.7804
3500 10.7764
3600 10.7815
3700 10.7915
3800 10.8558
3900 10.929
4000 11.0395
4100 11.1285
4200 11.1444
4300 11.1063
4400 10.9779
4500 10.9284
4600 10.8513
4700 10.7866
4800 10.7784
4900 10.8139
5000 10.8261
5100 10.8526
5200 10.9603
5300 10.9396
5400 10.9572
5500 10.953
5600 10.9795
5700 10.9437
5800 10.9143
5900 10.9288
6000 10.98
6100 11.0464
6200 11.011
6300 10.9352
6400 10.9042
6500 10.9732
6600 11.043
6700 11.0118
6800 11.023
6900 11.0876
7000 11.1427
7100 11.1782
7200 11.1642
7300 11.1986
7400 11.2424
7500 11.2734
7600 11.3271
7700 11.3506
7800 11.322
7900 11.3019
8000 11.3111
8100 11.2637
8200 11.1594
8300 11.1458
8400 11.1028
8500 11.1195
8600 11.1688
8700 11.1861
8800 11.1998
8900 11.1897
9000 11.1121
9100 11.0506
9200 10.9318
9300 10.8382
9400 10.7312
9500 10.6579
9600 10.5298
9700 10.4444
9800 10.3999
9900 10.3423
10000 10.2881
10100 10.1823
10200 10.087
10300 10.091
10400 10.072
10500 9.95798
10600 9.86294
10700 9.71445
10800 9.54356
10900 9.42626
11000 9.32937
11100 9.24451
11200 9.24382
11300 9.2546
11400 9.2801
11500 9.34247
11600 9.33811
11700 9.25353
11800 9.11261
11900 9.00291
12000 8.8962
12100 8.78121
12200 8.72126
12300 8.70853
12400 8.6406
12500 8.59561
12600 8.55972
12700 8.46338
12800 8.3321
12900 8.19936
13000 8.06027
13100 7.86245
13200 7.69377
13300 7.55944
13400 7.45067
13500 7.4045
13600 7.46577
13700 7.53363
13800 7.59735
13900 7.63289
14000 7.6659
14100 7.72852
14200 7.84941
14300 7.92514
14400 7.99723
14500 8.06122
14600 8.17145
14700 8.22902
14800 8.23712
14900 8.23712
15000 8.25666
15100 8.34937
15200 8.46799
15300 8.53618
15400 8.59142
15500 8.72841
15600 8.78808
15700 8.76257
15800 8.77063
15900 8.76375
16000 8.75174
16100 8.79592
16200 8.80894
16300 8.79063
16400 8.73736
16500 8.70275
16600 8.70526
16700 8.76929
16800 8.78499
16900 8.84004
17000 8.8665
17100 8.88122
17200 8.8947
17300 8.88367
17400 8.89882
17500 8.86502
17600 8.80813
17700 8.7196
17800 8.72934
17900 8.76815
18000 8.81474
18100 8.85132
18200 8.86561
18300 8.91937
18400 8.96854
18500 9.00244
18600 9.05367
18700 9.08503
18800 9.12163
18900 9.17145
19000 9.22117
19100 9.17377
19200 9.12164
19300 9.1178
19400 9.08369
19500 8.99038
19600 8.9127
19700 8.96241
19800 9.01196
19900 9.02933
20000 9.05371
20100 9.12808
20200 9.20565
20300 9.27718
20400 9.40473
20500 9.46229
20600 9.48645
20700 9.48398
20800 9.45255
20900 9.39598
21000 9.33653
21100 9.27879
21200 9.28641
21300 9.22886
21400 9.16856
21500 9.10214
21600 9.01871
21700 9.01417
21800 8.96942
21900 8.87071
22000 8.75356
22100 8.67206
22200 8.60532
22300 8.57298
22400 8.6518
22500 8.76924
22600 8.86558
22700 8.90903
22800 8.96186
22900 8.94697
23000 8.97176
23100 9.05631
23200 9.08476
23300 9.06499
23400 9.05896
23500 9.05998
23600 9.06183
23700 9.03334
23800 9.01951
23900 8.95496
24000 8.93366
24100 8.96331
24200 9.01999
24300 9.08529
24400 9.07643
24500 9.01131
24600 8.93953
24700 8.85964
24800 8.81522
24900 8.8837
25000 8.87404
25100 8.87902
25200 8.82194
25300 8.78178
25400 8.69892
25500 8.69259
25600 8.69857
25700 8.73139
25800 8.77841
25900 8.83608
26000 8.85422
26100 8.83568
26200 8.81769
26300 8.86282
26400 8.85505
26500 8.81178
26600 8.75174
26700 8.71891
26800 8.66245
26900 8.56397
27000 8.45285
27100 8.37709
27200 8.32558
27300 8.31769
27400 8.32912
27500 8.44902
27600 8.47584
27700 8.48546
27800 8.43444
27900 8.49337
28000 8.56851
28100 8.6523
28200 8.70305
28300 8.7632
28400 8.77659
28500 8.74136
28600 8.77801
28700 8.77397
28800 8.71898
28900 8.69765
29000 8.70503
29100 8.52316
29200 8.31128
29300 8.10187
29400 7.9682
29500 7.8658
29600 7.78307
29700 7.753
29800 7.69206
29900 7.6619
30000 7.67355
30100 7.71817
30200 7.79418
30300 7.85967
30400 7.89479
30500 7.9205
30600 7.9625
30700 8.07046
30800 8.16241
30900 8.26257
31000 8.35956
31100 8.42442
31200 8.55685
31300 8.66941
31400 8.69326
31500 8.74924
31600 8.84938
31700 9.06405
31800 9.27771
31900 9.34303
32000 9.48242
32100 9.63798
32200 9.62806
32300 9.7057
32400 9.83928
32500 9.9563
32600 10.1071
32700 10.2464
32800 10.4289
32900 10.6651
33000 10.8521
33100 11.0179
33200 11.1474
33300 11.3188
33400 11.4661
33500 11.6775
33600 11.8196
33700 11.9268
33800 11.9695
33900 12.015
34000 12.1296
34100 12.2069
34200 12.2888
34300 12.3902
34400 12.5101
34500 12.6657
34600 12.8406
34700 12.9561
34800 13.0538
34900 13.1925
35000 13.3249
35100 13.4323
35200 13.555
35300 13.6162
35400 13.6375
35500 13.7123
35600 13.8027
35700 13.843
35800 13.8706
35900 13.8934
36000 13.9785
36100 14.1189
36200 14.2018
36300 14.3252
36400 14.4415
36500 14.5031
36600 14.5809
36700 14.684
36800 14.7567
36900 14.8003
37000 14.7513
37100 14.6123
37200 14.4609
37300 14.3297
37400 14.2552
37500 14.2961
37600 14.2738
37700 14.1924
37800 14.2468
37900 14.3118
38000 14.348
38100 14.3483
38200 14.3694
38300 14.397
38400 14.4461
38500 14.4963
38600 14.5627
38700 14.5477
38800 14.5237
38900 14.536
39000 14.5568
39100 14.5186
39200 14.5058
39300 14.5883
39400 14.6596
39500 14.6746
39600 14.6077
39700 14.5705
39800 14.6062
39900 14.7042
40000 14.7903
40100 14.7357
40200 14.6394
40300 14.5546
40400 14.5198
40500 14.5034
40600 14.5523
40700 14.6094
40800 14.643
40900 14.5758
41000 14.4779
41100 14.4135
41200 14.4124
41300 14.4714
41400 14.572
41500 14.6823
41600 14.7366
41700 14.7665
41800 14.7993
41900 14.7724
42000 14.6859
42100 14.5663
42200 14.4173
42300 14.3751
42400 14.3422
42500 14.2882
42600 14.2126
42700 14.1476
42800 14.0974
42900 14.1083
43000 14.1869
43100 14.3482
43200 14.4275
43300 14.4108
43400 14.4127
43500 14.4743
43600 14.5436
43700 14.5984
43800 14.5728
43900 14.4976
44000 14.4664
44100 14.4638
44200 14.5114
44300 14.5531
44400 14.6285
44500 14.6402
44600 14.5906
44700 14.5686
44800 14.5943
44900 14.5875
45000 14.529
45100 14.4672
45200 14.4187
45300 14.3912
45400 14.4362
45500 14.5174
45600 14.5814
45700 14.6573
45800 14.708
45900 14.723
46000 14.7123
46100 14.7092
46200 14.7042
46300 14.6904
46400 14.6085
46500 14.5262
46600 14.4985
46700 14.45
46800 14.4309
46900 14.442
47000 14.4479
47100 14.4421
47200 14.4455
47300 14.4749
47400 14.5175
47500 14.4814
47600 14.4694
47700 14.4308
47800 14.4326
47900 14.3179
48000 14.1773
48100 14.1411
48200 14.1928
48300 14.3322
48400 14.441
48500 14.4464
48600 14.429
48700 14.459
48800 14.4933
48900 14.4998
49000 14.4852
49100 14.4111
49200 14.2888
49300 14.2424
49400 14.2174
49500 14.2151
49600 14.2488
49700 14.2704
49800 14.2944
49900 14.3265
50000 14.3966
50100 14.4546
50200 14.4395
50300 14.4324
50400 14.4451
50500 14.5355
50600 14.6232
50700 14.5687
50800 14.4677
50900 14.4611
51000 14.4686
51100 14.4588
51200 14.4467
51300 14.4702
51400 14.5459
51500 14.5572
51600 14.5288
51700 14.5632
51800 14.6099
51900 14.6143
52000 14.5814
52100 14.5108
52200 14.4942
52300 14.6181
52400 14.7216
52500 14.7393
52600 14.6749
52700 14.5827
52800 14.4864
52900 14.4135
53000 14.3807
53100 14.3863
53200 14.4978
53300 14.5978
53400 14.6545
53500 14.6303
53600 14.489
53700 14.3703
53800 14.2877
53900 14.2628
54000 14.2681
54100 14.3221
54200 14.4096
54300 14.4693
54400 14.4438
54500 14.3876
54600 14.3351
54700 14.3158
54800 14.3359
54900 14.4105
55000 14.5876
55100 14.7708
55200 14.9075
55300 14.9193
55400 14.8706
55500 14.8703
55600 14.8889
55700 14.8144
55800 14.7009
55900 14.5805
56000 14.4832
56100 14.4108
56200 14.4778
56300 14.5554
56400 14.5882
56500 14.5705
56600 14.535
56700 14.526
56800 14.4776
56900 14.4341
57000 14.4792
57100 14.538
57200 14.6661
57300 14.7821
57400 14.8015
57500 14.7931
57600 14.7501
57700 14.7513
57800 14.7694
57900 14.7225
58000 14.652
58100 14.6339
58200 14.6688
58300 14.7164
58400 14.7574
58500 14.7453
58600 14.7203
58700 14.6785
58800 14.6325
58900 14.6301
59000 14.6519
59100 14.6349
59200 14.6453
59300 14.6762
59400 14.7354
59500 14.8043
59600 14.8451
59700 14.7991
59800 14.7159
59900 14.6007
60000 14.5391
