# Time-averaged data for fix myat1
# TimeStep v_mytemp
100 297.565
200 302.418
300 306.18
400 300.742
500 296.066
600 295.616
700 298.304
800 300.836
900 302.228
1000 302.836
1100 296.892
1200 295.745
1300 301.432
1400 301.058
1500 301.39
1600 298.188
1700 297.771
1800 297.034
1900 298.853
2000 302.329
2100 300.85
2200 298.758
2300 298.999
2400 293.475
2500 294.746
2600 299.475
2700 300.775
2800 299.514
2900 303.582
3000 307.925
3100 303.048
3200 297.76
3300 299.515
3400 299.901
3500 301.239
3600 306.662
3700 303.667
3800 300.092
3900 299.91
4000 299.56
4100 304.392
4200 294.34
4300 294.951
4400 302.784
4500 299.769
4600 297.857
4700 302.907
4800 304.73
4900 298.459
5000 298.196
5100 297.567
5200 303.411
5300 303.313
5400 296.618
5500 296.896
5600 297.669
5700 298.758
5800 301.389
5900 301.99
6000 298.927
6100 294.927
6200 303.666
6300 301.819
6400 304.744
6500 303.54
6600 298.679
6700 300.758
6800 297.484
6900 297.046
7000 304.927
7100 303.437
7200 296.636
7300 298.474
7400 297.807
7500 307.478
7600 306.92
7700 301.505
7800 297.451
7900 294.431
8000 301.346
8100 303.634
8200 302.023
8300 298.255
8400 295.823
8500 298.515
8600 303.214
8700 300.208
8800 295.598
8900 296.741
9000 300.719
9100 301.74
9200 302.546
9300 296.589
9400 297.825
9500 303.282
9600 305.853
9700 302.165
9800 298.571
9900 296.565
10000 298.076
10100 300.072
10200 300.774
10300 301.106
10400 303.564
10500 300.204
10600 298.773
10700 295.698
10800 302.227
10900 303.529
11000 299.732
11100 298.797
11200 299.343
11300 299.682
11400 303.273
11500 294.708
11600 296.829
11700 302.24
11800 301.469
11900 298.135
12000 300.85
12100 304.798
12200 304.469
12300 302.161
12400 299.779
12500 300.109
12600 295.35
12700 299.683
12800 307.581
12900 298.679
13000 298.615
13100 293.608
13200 293.281
13300 300.218
13400 300.344
13500 298.933
13600 301.183
13700 302.461
13800 304.205
13900 298.962
14000 299.284
14100 296.231
14200 301.135
14300 302.554
14400 297.311
14500 293.199
14600 297.987
14700 300.9
14800 303.615
14900 297.501
15000 294.475
15100 293.678
15200 295.073
15300 301.034
15400 302.357
15500 297.402
15600 300.83
15700 302.87
15800 302.026
15900 303.303
16000 297.892
16100 299.435
16200 301.347
16300 298.68
16400 291.885
16500 295.738
16600 296.639
16700 298.934
16800 303.309
16900 303.705
17000 298.841
17100 296.624
17200 299.016
17300 299.346
17400 304.272
17500 305.833
17600 297.449
17700 295.061
17800 298.192
17900 302.349
18000 302.673
18100 301.46
18200 296.922
18300 295
18400 296.309
18500 304.49
18600 300.157
18700 295.32
18800 303.348
18900 308.415
19000 305.122
19100 302.273
19200 296.351
19300 297.509
19400 307.94
19500 300.977
19600 294.583
19700 298.218
19800 297.726
19900 303.506
20000 302.144
20100 295.775
20200 293.623
20300 292.467
20400 298.204
20500 302.505
20600 301.014
20700 298.165
20800 302.827
20900 297.163
21000 300.03
21100 296.401
21200 304.518
21300 303.978
21400 294.65
21500 299.121
21600 298.182
21700 300.47
21800 302.741
21900 297.657
22000 295.446
22100 295.706
22200 299.567
22300 303.825
22400 301.56
22500 299.839
22600 299.341
22700 299.435
22800 294.413
22900 298.785
23000 305.038
23100 300.832
23200 299.309
23300 297.524
23400 302.522
23500 303.492
23600 303.562
23700 298.114
23800 299.345
23900 302.816
24000 297.769
24100 298.489
24200 295.89
24300 301.111
24400 303.47
24500 302.169
24600 299.667
24700 297.449
24800 301.232
24900 301.164
25000 297.997
25100 306.14
25200 304.599
25300 299.873
25400 302.151
25500 298.812
25600 296.636
25700 298.959
25800 307.004
25900 304.363
26000 297.382
26100 296.824
26200 299.876
26300 304.541
26400 299.243
26500 295.007
26600 298.734
26700 299.291
26800 301.755
26900 303.124
27000 298.448
27100 297.213
27200 299.585
27300 300.625
27400 300.236
27500 303.79
27600 299.332
27700 296.622
27800 296.356
27900 294.337
28000 298.677
28100 300.998
28200 302.918
28300 301.807
28400 296.356
28500 297.526
28600 300.387
28700 304.942
28800 306.823
28900 304.787
29000 299.421
29100 300.058
29200 299.613
29300 296.903
29400 298.772
29500 300.491
29600 304.637
29700 301.221
29800 293.85
29900 299.317
30000 299.937
30100 301.961
30200 297.453
30300 296.157
30400 291.572
30500 300.206
30600 300.501
30700 299.362
30800 301.828
30900 298.986
31000 298.898
31100 307.532
31200 303.324
31300 298.054
31400 298.408
31500 304.367
31600 297.544
31700 292.543
31800 295.648
31900 303.712
32000 301.001
32100 299.725
32200 299.81
32300 297.355
32400 298.246
32500 295.071
32600 292.873
32700 299.63
32800 302.428
32900 301.113
33000 301.53
33100 299.473
33200 297.234
33300 297.098
33400 299.653
33500 300.341
33600 300.76
33700 301.694
33800 299.721
33900 299.6
34000 296.679
34100 298.109
34200 299.015
34300 295.715
34400 302.007
34500 301.937
34600 301.054
34700 300.386
34800 296.875
34900 296.07
35000 296.93
35100 304.397
35200 305.406
35300 300.267
35400 299.675
35500 301.744
35600 297.607
35700 293.589
35800 294.998
35900 301.756
36000 301.647
36100 302.719
36200 296.449
36300 297.698
36400 302.402
36500 303.926
36600 304.031
36700 295.942
36800 296.401
36900 302.768
37000 301.977
37100 300.768
37200 295.913
37300 297.241
37400 301.536
37500 306.654
37600 302.338
37700 297.606
37800 297.038
37900 298.831
38000 296.877
38100 304.114
38200 300.071
38300 299.136
38400 297.092
38500 291.266
38600 296.753
38700 297.459
38800 299.039
38900 299.215
39000 301.81
39100 302.5
39200 303.386
39300 303.603
39400 300.053
39500 295.283
39600 299.652
39700 304.674
39800 303.659
39900 309.842
40000 306.21
40100 302.754
40200 301.224
40300 296.266
40400 300.776
40500 299.673
40600 305.132
40700 303.824
40800 301.004
40900 298.567
41000 300.613
41100 300.397
41200 298.822
41300 297.249
41400 302.837
41500 300.949
41600 297.961
41700 295.326
41800 305.887
41900 302.618
42000 293.071
42100 300.75
42200 304.337
42300 300.178
42400 297.188
42500 294.927
42600 305.218
42700 298.882
42800 293.394
42900 301.717
43000 302.306
43100 300.482
43200 301.774
43300 293.877
43400 294.874
43500 297.574
43600 296.202
43700 302.863
43800 298.613
43900 299.734
44000 307.369
44100 305.877
44200 300.057
44300 299.218
44400 299.849
44500 297.501
44600 303.809
44700 305.261
44800 296.106
44900 297.656
45000 294.471
45100 290.488
45200 297.821
45300 299.51
45400 301.903
45500 299.394
45600 294.327
45700 301.007
45800 306.439
45900 299.631
46000 299.819
46100 297.319
46200 301.174
46300 310.404
46400 302.06
46500 299.272
46600 300.648
46700 296.384
46800 291.162
46900 292.912
47000 296.111
47100 304.031
47200 303.292
47300 301.952
47400 295.536
47500 297.719
47600 304.614
47700 302.137
47800 296.661
47900 298.839
48000 301.41
48100 298.075
48200 303.752
48300 303.989
48400 301.543
48500 296.544
48600 300.214
48700 298.598
48800 299.101
48900 300.56
49000 304.174
49100 305.609
49200 297.212
49300 298.697
49400 300.759
49500 305.322
49600 302.478
49700 298.81
49800 297.729
49900 297.499
50000 306.573
50100 303.285
50200 293.406
50300 293.267
50400 297.651
50500 302.677
50600 302.886
50700 303.861
50800 298.627
50900 299.394
51000 300.272
51100 300.679
51200 296.963
51300 293.987
51400 299.44
51500 299.284
51600 300.011
51700 304.773
51800 303.227
51900 300.56
52000 299.748
52100 297.297
52200 295.568
52300 303.175
52400 299.64
52500 299.745
52600 296.749
52700 302.528
52800 308.433
52900 301.933
53000 297.723
53100 298.117
53200 302.193
53300 305.101
53400 302.019
53500 296.502
53600 296.54
53700 300.108
53800 302.275
53900 300.394
54000 302.292
54100 295.281
54200 296.837
54300 298.774
54400 301.712
54500 300.073
54600 300.919
54700 300.215
54800 294.415
54900 293.763
55000 297.714
55100 301.97
55200 302.476
55300 298.792
55400 293.743
55500 298.786
55600 301.064
55700 301.556
55800 296.135
55900 296.062
56000 295.689
56100 301.753
56200 296.829
56300 299.465
56400 307.592
56500 303.681
56600 296.898
56700 299.321
56800 298.758
56900 301.192
57000 303.556
57100 300.625
57200 300.138
57300 297.987
57400 291.041
57500 301.214
57600 300.688
57700 298.359
57800 306.225
57900 307.038
58000 302.402
58100 298.517
58200 294.883
58300 301.411
58400 298.67
58500 301.189
58600 302.447
58700 299.992
58800 301.622
58900 301.754
59000 294.396
59100 295.607
59200 304.461
59300 301.721
59400 296.696
59500 295.511
59600 301.342
59700 305.044
59800 300.516
59900 298.688
60000 299.384
