6.000000000000000000e+03 2.034550000000000000e+10
7.000000000000000000e+03 2.929290000000000000e+10
8.000000000000000000e+03 3.331360000000000000e+10
9.000000000000000000e+03 3.975660000000000000e+10
1.000000000000000000e+04 4.756320000000000000e+10
1.100000000000000000e+04 5.071520000000000000e+10
1.200000000000000000e+04 5.957940000000000000e+10
1.300000000000000000e+04 6.427780000000000000e+10
1.400000000000000000e+04 6.955920000000000000e+10
1.500000000000000000e+04 7.878620000000000000e+10
1.600000000000000000e+04 8.110610000000000000e+10
1.700000000000000000e+04 8.978570000000000000e+10
1.800000000000000000e+04 9.532410000000000000e+10
1.900000000000000000e+04 9.970530000000000000e+10
2.000000000000000000e+04 1.087580000000000000e+11
2.100000000000000000e+04 1.118650000000000000e+11
2.200000000000000000e+04 1.196000000000000000e+11
2.300000000000000000e+04 1.259630000000000000e+11
2.400000000000000000e+04 1.304100000000000000e+11
2.500000000000000000e+04 1.385730000000000000e+11
2.600000000000000000e+04 1.431740000000000000e+11
2.700000000000000000e+04 1.491070000000000000e+11
2.800000000000000000e+04 1.569590000000000000e+11
2.900000000000000000e+04 1.601470000000000000e+11
3.000000000000000000e+04 1.684030000000000000e+11
3.100000000000000000e+04 1.740250000000000000e+11
3.200000000000000000e+04 1.787240000000000000e+11
3.300000000000000000e+04 1.871900000000000000e+11
3.400000000000000000e+04 1.908120000000000000e+11
3.500000000000000000e+04 1.982140000000000000e+11
3.600000000000000000e+04 2.044520000000000000e+11
3.700000000000000000e+04 2.089180000000000000e+11
3.800000000000000000e+04 2.170650000000000000e+11
3.900000000000000000e+04 2.212520000000000000e+11
4.000000000000000000e+04 2.280680000000000000e+11
4.100000000000000000e+04 2.350430000000000000e+11
4.200000000000000000e+04 2.393040000000000000e+11
4.300000000000000000e+04 2.469910000000000000e+11
4.400000000000000000e+04 2.526600000000000000e+11
4.500000000000000000e+04 2.576490000000000000e+11
4.600000000000000000e+04 2.656860000000000000e+11
4.700000000000000000e+04 2.691020000000000000e+11
4.800000000000000000e+04 2.775570000000000000e+11
4.900000000000000000e+04 2.820170000000000000e+11
5.000000000000000000e+04 2.879400000000000000e+11
5.100000000000000000e+04 2.952620000000000000e+11
5.200000000000000000e+04 2.997470000000000000e+11
5.300000000000000000e+04 3.069660000000000000e+11
5.400000000000000000e+04 3.137250000000000000e+11
5.500000000000000000e+04 3.173580000000000000e+11
5.600000000000000000e+04 3.263220000000000000e+11
5.700000000000000000e+04 3.296010000000000000e+11
5.800000000000000000e+04 3.367650000000000000e+11
5.900000000000000000e+04 3.435090000000000000e+11
6.000000000000000000e+04 3.483660000000000000e+11
6.100000000000000000e+04 3.562050000000000000e+11
6.200000000000000000e+04 3.605300000000000000e+11
6.300000000000000000e+04 3.668210000000000000e+11
6.400000000000000000e+04 3.735680000000000000e+11
6.500000000000000000e+04 3.783410000000000000e+11
6.600000000000000000e+04 3.864230000000000000e+11
6.700000000000000000e+04 3.904070000000000000e+11
6.800000000000000000e+04 3.971980000000000000e+11
6.900000000000000000e+04 4.034630000000000000e+11
7.000000000000000000e+04 4.086700000000000000e+11
7.100000000000000000e+04 4.165350000000000000e+11
7.200000000000000000e+04 4.204750000000000000e+11
7.300000000000000000e+04 4.278610000000000000e+11
7.400000000000000000e+04 4.339800000000000000e+11
7.500000000000000000e+04 4.388830000000000000e+11
7.600000000000000000e+04 4.469360000000000000e+11
7.700000000000000000e+04 4.506110000000000000e+11
7.800000000000000000e+04 4.585250000000000000e+11
7.900000000000000000e+04 4.639620000000000000e+11
8.000000000000000000e+04 4.694910000000000000e+11
8.100000000000000000e+04 4.768180000000000000e+11
8.200000000000000000e+04 4.812000000000000000e+11
8.300000000000000000e+04 4.891550000000000000e+11
8.400000000000000000e+04 4.934630000000000000e+11
8.500000000000000000e+04 5.004150000000000000e+11
8.600000000000000000e+04 5.072340000000000000e+11
8.700000000000000000e+04 5.112360000000000000e+11
8.800000000000000000e+04 5.199410000000000000e+11
8.900000000000000000e+04 5.237160000000000000e+11
9.000000000000000000e+04 5.309910000000000000e+11
9.100000000000000000e+04 5.369430000000000000e+11
9.200000000000000000e+04 5.428190000000000000e+11
9.300000000000000000e+04 5.494690000000000000e+11
9.400000000000000000e+04 5.542920000000000000e+11
9.500000000000000000e+04 5.623440000000000000e+11
9.600000000000000000e+04 5.661770000000000000e+11
9.700000000000000000e+04 5.741520000000000000e+11
9.800000000000000000e+04 5.795200000000000000e+11
9.900000000000000000e+04 5.852640000000000000e+11
1.000000000000000000e+05 5.927040000000000000e+11
1.010000000000000000e+05 5.966310000000000000e+11
1.020000000000000000e+05 6.054200000000000000e+11
1.030000000000000000e+05 6.090270000000000000e+11
1.040000000000000000e+05 6.167790000000000000e+11
1.050000000000000000e+05 6.223780000000000000e+11
1.060000000000000000e+05 6.282460000000000000e+11
1.070000000000000000e+05 6.351190000000000000e+11
1.080000000000000000e+05 6.401310000000000000e+11
1.090000000000000000e+05 6.477120000000000000e+11
1.100000000000000000e+05 6.521980000000000000e+11
1.110000000000000000e+05 6.597610000000000000e+11
1.120000000000000000e+05 6.646560000000000000e+11
1.130000000000000000e+05 6.719990000000000000e+11
1.140000000000000000e+05 6.774410000000000000e+11
1.150000000000000000e+05 6.836430000000000000e+11
1.160000000000000000e+05 6.905580000000000000e+11
1.170000000000000000e+05 6.953390000000000000e+11
1.180000000000000000e+05 7.030760000000000000e+11
1.190000000000000000e+05 7.076260000000000000e+11
1.200000000000000000e+05 7.153580000000000000e+11
1.210000000000000000e+05 7.200460000000000000e+11
1.220000000000000000e+05 7.273790000000000000e+11
1.230000000000000000e+05 7.329010000000000000e+11
1.240000000000000000e+05 7.392890000000000000e+11
1.250000000000000000e+05 7.456420000000000000e+11
1.260000000000000000e+05 7.512110000000000000e+11
1.270000000000000000e+05 7.584210000000000000e+11
1.280000000000000000e+05 7.633800000000000000e+11
1.290000000000000000e+05 7.712680000000000000e+11
1.300000000000000000e+05 7.752670000000000000e+11
1.310000000000000000e+05 7.836420000000000000e+11
1.320000000000000000e+05 7.875660000000000000e+11
1.330000000000000000e+05 7.961600000000000000e+11
1.340000000000000000e+05 8.003960000000000000e+11
1.350000000000000000e+05 8.079590000000000000e+11
1.360000000000000000e+05 8.132100000000000000e+11
1.370000000000000000e+05 8.201290000000000000e+11
1.380000000000000000e+05 8.259380000000000000e+11
1.390000000000000000e+05 8.323450000000000000e+11
1.400000000000000000e+05 8.388680000000000000e+11
1.410000000000000000e+05 8.443100000000000000e+11
1.420000000000000000e+05 8.513090000000000000e+11
1.430000000000000000e+05 8.569000000000000000e+11
1.440000000000000000e+05 8.637940000000000000e+11
1.450000000000000000e+05 8.694140000000000000e+11
1.460000000000000000e+05 8.764530000000000000e+11
1.470000000000000000e+05 8.817800000000000000e+11
1.480000000000000000e+05 8.891710000000000000e+11
1.490000000000000000e+05 8.937330000000000000e+11
1.500000000000000000e+05 9.020620000000000000e+11
1.510000000000000000e+05 9.062870000000000000e+11
1.520000000000000000e+05 9.144520000000000000e+11
1.530000000000000000e+05 9.188830000000000000e+11
1.540000000000000000e+05 9.266250000000000000e+11
1.550000000000000000e+05 9.318840000000000000e+11
1.560000000000000000e+05 9.393160000000000000e+11
1.570000000000000000e+05 9.436620000000000000e+11
1.580000000000000000e+05 9.523900000000000000e+11
1.590000000000000000e+05 9.562330000000000000e+11
1.600000000000000000e+05 9.645470000000000000e+11
1.610000000000000000e+05 9.695850000000000000e+11
1.620000000000000000e+05 9.768470000000000000e+11
1.630000000000000000e+05 9.818310000000000000e+11
1.640000000000000000e+05 9.900750000000000000e+11
1.650000000000000000e+05 9.941150000000000000e+11
1.660000000000000000e+05 1.002310000000000000e+12
1.670000000000000000e+05 1.007240000000000000e+12
1.680000000000000000e+05 1.014960000000000000e+12
1.690000000000000000e+05 1.019410000000000000e+12
1.700000000000000000e+05 1.028090000000000000e+12
1.710000000000000000e+05 1.032170000000000000e+12
1.720000000000000000e+05 1.040170000000000000e+12
1.730000000000000000e+05 1.044990000000000000e+12
1.740000000000000000e+05 1.053320000000000000e+12
1.750000000000000000e+05 1.057230000000000000e+12
1.760000000000000000e+05 1.065740000000000000e+12
1.770000000000000000e+05 1.070450000000000000e+12
1.780000000000000000e+05 1.078620000000000000e+12
1.790000000000000000e+05 1.082740000000000000e+12
1.800000000000000000e+05 1.090940000000000000e+12
1.810000000000000000e+05 1.096120000000000000e+12
1.820000000000000000e+05 1.103620000000000000e+12
1.830000000000000000e+05 1.108550000000000000e+12
1.840000000000000000e+05 1.116350000000000000e+12
1.850000000000000000e+05 1.121780000000000000e+12
1.860000000000000000e+05 1.128690000000000000e+12
1.870000000000000000e+05 1.134280000000000000e+12
1.880000000000000000e+05 1.141460000000000000e+12
1.890000000000000000e+05 1.147790000000000000e+12
1.900000000000000000e+05 1.153840000000000000e+12
1.910000000000000000e+05 1.160510000000000000e+12
1.920000000000000000e+05 1.166380000000000000e+12
1.930000000000000000e+05 1.173810000000000000e+12
1.940000000000000000e+05 1.179010000000000000e+12
1.950000000000000000e+05 1.186830000000000000e+12
1.960000000000000000e+05 1.191360000000000000e+12
1.970000000000000000e+05 1.199670000000000000e+12
1.980000000000000000e+05 1.204330000000000000e+12
1.990000000000000000e+05 1.212760000000000000e+12
2.000000000000000000e+05 1.217160000000000000e+12
2.010000000000000000e+05 1.224910000000000000e+12
2.020000000000000000e+05 1.230360000000000000e+12
2.030000000000000000e+05 1.237320000000000000e+12
2.040000000000000000e+05 1.244200000000000000e+12
2.050000000000000000e+05 1.250370000000000000e+12
