# Time-averaged data for fix myat3
# TimeStep v_mypot
1000 -4130.53
2000 -4332.26
3000 -4330.98
4000 -4325.03
5000 -4323.72
6000 -4326.02
7000 -4315.92
8000 -4312.91
9000 -4309.7
10000 -4298.01
11000 -4330.98
12000 -4318.71
13000 -4323.48
14000 -4301
15000 -4290.95
16000 -4304.06
17000 -4336.23
18000 -4324.68
19000 -4318.27
20000 -4320.09
21000 -4341.67
22000 -4332.73
23000 -4319.67
24000 -4318.07
25000 -4327.68
26000 -4330.08
27000 -4345.49
28000 -4317.84
29000 -4305.04
30000 -4304.71
31000 -4320.77
32000 -4324.13
33000 -4327.31
34000 -4289.16
35000 -4322.38
36000 -4341.99
37000 -4319.61
38000 -4317.71
39000 -4321.2
40000 -4314.82
41000 -4331.91
42000 -4304.53
43000 -4299.88
44000 -4333.1
45000 -4321.01
46000 -4293.3
47000 -4299.18
48000 -4321.15
49000 -4321.51
50000 -4339.38
51000 -4312.22
52000 -4288.34
53000 -4305.21
54000 -4315.78
55000 -4360.89
56000 -4386.95
57000 -4392.08
58000 -4369.73
59000 -4375.73
60000 -4386.46
61000 -4400.78
62000 -4395.46
63000 -4404.61
64000 -4442.2
65000 -4459.42
66000 -4423.9
67000 -4433.74
68000 -4469.66
69000 -4459.71
70000 -4463.43
71000 -4500.67
72000 -4501.61
73000 -4472.29
74000 -4497.29
75000 -4509.17
76000 -4519.06
77000 -4548.11
78000 -4534.25
79000 -4541.7
80000 -4571.56
81000 -4562.88
82000 -4543
83000 -4574.53
84000 -4593.73
85000 -4591.35
86000 -4601.43
87000 -4596.72
88000 -4606.99
89000 -4630.85
90000 -4614.38
91000 -4635.45
92000 -4644.69
93000 -4665.86
94000 -4649.86
95000 -4678.89
96000 -4699.96
97000 -4703.24
98000 -4706.61
99000 -4715.31
100000 -4716.61
101000 -4735.66
102000 -4725.89
103000 -4737.13
104000 -4743.67
105000 -4742.32
106000 -4751.38
107000 -4748.4
108000 -4747.73
109000 -4763.37
110000 -4761.31
111000 -4766.88
112000 -4760.52
113000 -4766.63
114000 -4774.81
115000 -4780.58
116000 -4782.18
117000 -4775.83
118000 -4788.98
119000 -4781.9
120000 -4788.24
121000 -4807.81
122000 -4802.6
123000 -4796.26
124000 -4806.31
125000 -4798.82
126000 -4792.83
127000 -4802.06
128000 -4825.84
129000 -4815.5
130000 -4821.56
131000 -4833.99
132000 -4827.44
133000 -4839.97
134000 -4850.17
135000 -4849.77
136000 -4853.19
137000 -4862.6
138000 -4859.42
139000 -4872.74
140000 -4877.25
141000 -4869.53
142000 -4880.18
143000 -4881.33
144000 -4895.2
145000 -4894.84
146000 -4898.78
147000 -4899.12
148000 -4900.19
149000 -4907.13
150000 -4904.9
151000 -4908.22
152000 -4914.05
153000 -4914.57
154000 -4918.52
155000 -4920.71
156000 -4924.93
157000 -4923.91
158000 -4933.89
159000 -4927.63
160000 -4925.47
161000 -4936.12
162000 -4934.71
163000 -4940.3
164000 -4942.85
165000 -4947.5
166000 -4941.18
167000 -4948.24
168000 -4952.5
169000 -4951.46
170000 -4953.95
171000 -4953.15
172000 -4963.82
173000 -4962.23
174000 -4959.4
175000 -4963.17
176000 -4972.23
177000 -4972.75
178000 -4974.32
179000 -4983.1
180000 -4980.17
181000 -4977.73
182000 -4982.67
183000 -4985.62
184000 -4987.19
185000 -4991.52
186000 -4994.33
187000 -4993.42
188000 -4999.21
189000 -5000.85
190000 -5008.73
191000 -5005.48
192000 -5007.49
193000 -5009.73
194000 -5008.05
195000 -5017.18
196000 -5015.56
197000 -5019.67
198000 -5021.51
199000 -5025.63
200000 -5026.64
201000 -5027.21
202000 -5024.22
203000 -5029.61
204000 -5031.72
205000 -5033.67
206000 -5034.09
207000 -5037.17
208000 -5041.22
209000 -5042.22
210000 -5039.32
211000 -5042.55
212000 -5042.4
213000 -5046.97
214000 -5049.56
215000 -5051.25
216000 -5051.91
217000 -5050.92
218000 -5053.37
219000 -5056.93
220000 -5056.83
221000 -5062.09
222000 -5063.5
223000 -5064.31
224000 -5062.78
225000 -5067.33
226000 -5070.01
227000 -5069.19
228000 -5071.47
229000 -5072.54
230000 -5074.6
231000 -5077.43
232000 -5078.53
233000 -5080.61
234000 -5082.91
235000 -5084.98
236000 -5085.16
237000 -5088.02
238000 -5090.07
239000 -5091.46
240000 -5092.03
241000 -5094.58
242000 -5096.25
243000 -5098.35
244000 -5099.54
245000 -5101.63
246000 -5101.03
247000 -5101.73
248000 -5104.02
249000 -5105.27
250000 -5107.52
251000 -5108.07
252000 -5110.34
253000 -5112.13
254000 -5112.8
255000 -5115.35
256000 -5116.86
257000 -5117.19
258000 -5119.02
259000 -5120.84
260000 -5122.46
261000 -5123.27
262000 -5125.38
263000 -5126.15
264000 -5128.12
265000 -5130.73
266000 -5132.55
267000 -5133.3
268000 -5134.07
269000 -5136.19
270000 -5138.08
271000 -5138.88
272000 -5140.48
273000 -5142.43
274000 -5143.62
275000 -5144.23
276000 -5146.27
277000 -5147.93
278000 -5149.27
279000 -5151.5
280000 -5152.02
281000 -5154.17
282000 -5155.62
283000 -5156.85
284000 -5158.16
285000 -5160.07
286000 -5160.68
287000 -5162.26
288000 -5163.97
289000 -5165.02
290000 -5166.58
291000 -5168.04
292000 -5169.58
293000 -5171.12
294000 -5172.9
295000 -5174.74
296000 -5175.85
297000 -5176.92
298000 -5178.65
299000 -5179.85
300000 -5181.18
301000 -5181.97
302000 -5182.19
303000 -5182.48
304000 -5182.12
305000 -5182.3
306000 -5182.13
307000 -5182.51
308000 -5182.21
309000 -5181.8
310000 -5182.12
311000 -5181.89
312000 -5181.82
313000 -5181.67
314000 -5182.1
315000 -5181.69
316000 -5181.99
317000 -5182.2
318000 -5182.55
319000 -5182.36
320000 -5182.27
321000 -5181.87
322000 -5182.04
323000 -5182.16
324000 -5182.24
325000 -5182.59
326000 -5182.34
327000 -5182.07
328000 -5182.62
329000 -5182.14
330000 -5182.21
331000 -5182.64
332000 -5182.14
333000 -5181.95
334000 -5181.97
335000 -5182.14
336000 -5182.06
337000 -5181.87
338000 -5182.4
339000 -5182.44
340000 -5182.58
341000 -5182.26
342000 -5182.55
343000 -5182.18
344000 -5181.68
345000 -5182.07
346000 -5181.79
347000 -5182.17
348000 -5181.83
349000 -5182.06
350000 -5182.42
