# Time-averaged data for fix myat1
# TimeStep v_mytemp
100 11.0163
200 46.4483
300 87.92
400 118.842
500 154.692
600 191.429
700 224.966
800 268.034
900 291.259
1000 314.902
1100 315.707
1200 296.565
1300 291.312
1400 286.707
1500 300.82
1600 314.479
1700 313.291
1800 293.097
1900 293.982
2000 298.741
2100 297.351
2200 297.785
2300 299.992
2400 300.066
2500 303.555
2600 303.907
2700 304.373
2800 296.808
2900 296.832
3000 296.365
3100 301.788
3200 298.757
3300 298.578
3400 295.881
3500 301.883
3600 314.24
3700 298.393
3800 288.673
3900 299.605
4000 312.071
4100 304.813
4200 291.156
4300 289.459
4400 302.324
4500 309.914
4600 303.331
4700 289.652
4800 300.328
4900 309.201
5000 303.081
5100 299.631
5200 294.86
5300 295.029
5400 296.081
5500 304.404
5600 309.906
5700 301.294
5800 285.73
5900 294.207
6000 309.96
6100 304.305
6200 291.428
6300 298.279
6400 307.07
6500 308.849
6600 296.443
6700 293.563
6800 301.124
6900 300.15
7000 301.874
7100 297.579
7200 306.81
7300 293.394
7400 292.173
7500 312.663
7600 304.668
7700 297.468
7800 298.632
7900 295.889
8000 293.769
8100 288.347
8200 300.464
8300 303.574
8400 301.536
8500 298.526
8600 293.665
8700 299.971
8800 300.815
8900 294.492
9000 286.851
9100 293.947
9200 303.155
9300 301.146
9400 300.349
9500 297.781
9600 284.341
9700 295.802
9800 303.328
9900 302.722
10000 294.512
10100 305.721
10200 306.728
10300 305.975
10400 293.258
10500 292.479
10600 300.687
10700 305.897
10800 317.856
10900 313.639
11000 300.515
11100 301.276
11200 293.784
11300 297.703
11400 310.168
11500 311.242
11600 300.026
11700 298.492
11800 303.679
11900 298.026
12000 302.367
12100 309.657
12200 304.891
12300 293.674
12400 296.142
12500 300.207
12600 300.484
12700 302.211
12800 307.772
12900 298.266
13000 297.84
13100 300.693
13200 291.6
13300 293.071
13400 292.408
13500 292.813
13600 302.167
13700 305.014
13800 296.666
13900 291.823
14000 294.584
14100 306.262
14200 305.267
14300 298.887
14400 291.592
14500 292.5
14600 303.174
14700 305.829
14800 301.939
14900 292.931
15000 296.466
15100 306.339
15200 310.299
15300 303.604
15400 297.63
15500 305.658
15600 304.213
15700 289.841
15800 294.091
15900 304.567
16000 295.401
16100 293.72
16200 299.247
16300 305.62
16400 308.559
16500 302.997
16600 294.137
16700 289.407
16800 300.587
16900 297.394
17000 301.893
17100 302.663
17200 290.865
17300 301.813
17400 303.261
17500 288.23
17600 286.389
17700 302.333
17800 304.676
17900 299.21
18000 301.061
18100 297.888
18200 293.202
18300 300.249
18400 295.125
18500 306.909
18600 304.949
18700 298.852
18800 290.186
18900 292.923
19000 296.205
19100 299.849
19200 304.732
19300 303.278
19400 299.481
19500 292.037
19600 293.966
19700 296.784
19800 302.986
19900 301.599
20000 301.071
20100 297.133
20200 294.958
20300 296.429
20400 300.667
20500 298.445
20600 300.085
20700 305.882
20800 292.335
20900 295.74
21000 292.692
21100 299.937
21200 306.33
21300 296.11
21400 288.567
21500 302.65
21600 307.931
21700 306.732
21800 299.462
21900 298.686
22000 296.575
22100 302.366
22200 298.926
22300 301.025
22400 307.605
22500 302.841
22600 294.798
22700 299.145
22800 312.469
22900 310.973
23000 310.55
23100 303.261
23200 299.065
23300 298.733
23400 301.96
23500 311.491
23600 309.386
23700 293.765
23800 289.07
23900 301.701
24000 304.329
24100 303.844
24200 297.473
24300 296.568
24400 298.973
24500 301.941
24600 301.509
24700 304.802
24800 302.016
24900 292.821
25000 295.277
25100 301.776
25200 297.74
25300 304.763
25400 313.195
25500 300.395
25600 303.725
25700 298.396
25800 299.269
25900 294.108
26000 286.027
26100 291.859
26200 291.178
26300 295.756
26400 301.452
26500 300.229
26600 310.644
26700 311.659
26800 301.95
26900 298.576
27000 299.235
27100 301.718
27200 307.249
27300 298.646
27400 295.841
27500 293.999
27600 296.951
27700 308.74
27800 309.775
27900 293.747
28000 298.515
28100 303.662
28200 293.148
28300 289.879
28400 293.547
28500 307.136
28600 303.063
28700 299.523
28800 296.809
28900 317.119
29000 312.452
29100 303.573
29200 303.502
29300 303.434
29400 296.061
29500 296.301
29600 294.577
29700 300.961
29800 298.246
29900 299.188
30000 300.096
30100 299.436
30200 296.45
30300 298.519
30400 293.507
30500 297.355
30600 305.316
30700 309.459
30800 303.592
30900 304.622
31000 291.895
31100 292.049
31200 300.761
31300 296.819
31400 303.294
31500 307.824
31600 293.23
31700 291.822
31800 305.856
31900 300.262
32000 298.578
32100 300.969
32200 298.55
32300 293.402
32400 294.394
32500 295.097
32600 296.886
32700 308.079
32800 305.945
32900 295.632
33000 289.446
33100 294.576
33200 300.701
33300 292.452
33400 298.467
33500 311.975
33600 306.014
33700 296.558
33800 299.692
33900 300.065
34000 304.928
34100 308.476
34200 294.004
34300 296.889
34400 303.135
34500 306.133
34600 302.211
34700 312.244
34800 313.127
34900 302.104
35000 298.891
35100 296.953
35200 298.238
35300 289.124
35400 290.75
35500 306.747
35600 303.778
35700 298.019
35800 292.966
35900 298.291
36000 306.95
36100 297.627
36200 300.91
36300 293.761
36400 288.36
36500 296.926
36600 295.331
36700 308.351
36800 307.661
36900 288.878
37000 289.31
37100 294.197
37200 301.039
37300 300.689
37400 303.043
37500 292.318
37600 296.634
37700 306.606
37800 301.878
37900 298.132
38000 296.411
38100 294.848
38200 304.987
38300 298.07
38400 297.616
38500 302.334
38600 298.154
38700 304.857
38800 302.756
38900 304.273
39000 295.908
39100 295.823
39200 305.259
39300 298.053
39400 303.293
39500 311.515
39600 302.88
39700 292.146
39800 296.168
39900 298.335
40000 298.399
40100 298.732
40200 320.173
40300 306.521
40400 295.138
40500 299.076
40600 305.748
40700 306.686
40800 296.55
40900 296.129
41000 299.038
41100 301.118
41200 311.655
41300 308.424
41400 301.862
41500 292.604
41600 296.834
41700 300.218
41800 306.188
41900 295.116
42000 292.114
42100 292.546
42200 296.57
42300 302.464
42400 300.745
42500 300.668
42600 311.575
42700 314.703
42800 296.283
42900 292.634
43000 302.057
43100 308.303
43200 296.385
43300 295.213
43400 300.787
43500 303.911
43600 301.461
43700 297.292
43800 297.788
43900 304.183
44000 309.251
44100 302.206
44200 300.564
44300 296.213
44400 295.815
44500 300.442
44600 307.684
44700 308.339
44800 295.427
44900 300.383
45000 304.404
45100 296.071
45200 287.661
45300 305.112
45400 302.306
45500 305.425
45600 301.502
45700 299.002
45800 291.635
45900 290.888
46000 302.529
46100 295.484
46200 300.959
46300 304.965
46400 298.702
46500 302.603
46600 299.335
46700 285.931
46800 299.571
46900 299.37
47000 299.61
47100 305.743
47200 303.425
47300 291.684
47400 294.378
47500 296.682
47600 301.82
47700 313.23
47800 309.242
47900 295.396
48000 297.387
48100 300.655
48200 298.727
48300 312.17
48400 310.014
48500 301.645
48600 297.333
48700 299.963
48800 292.519
48900 296.975
49000 304.564
49100 296.747
49200 291.38
49300 294.651
49400 290.083
49500 310.445
49600 312.987
49700 291.198
49800 297.424
49900 314.692
50000 308.086
