# Time-averaged data for fix myat1
# TimeStep f_mysf1[1] f_mysf2[1]
1000 -9.41157 5.29958
2000 0.0802627 9.8493
3000 -9.64582 5.15236
4000 -6.07073 9.68529
5000 -6.86515 1.53925
6000 -8.92771 9.87682
7000 -9.51917 11.3507
8000 -15.7828 6.38617
9000 -5.04546 19.2855
10000 -18.4142 12.9353
11000 -11.8819 14.0487
12000 -7.24303 3.89958
13000 -3.88965 12.7379
14000 -21.0563 9.0158
15000 -6.25904 7.78698
16000 -12.8664 14.8716
17000 -12.9173 14.9011
18000 -10.1745 3.82444
19000 -3.1858 12.1091
20000 -11.4291 10.5015
21000 -12.1427 8.94445
22000 -10.4138 9.79302
23000 -14.0067 9.34816
24000 -6.648 16.3435
25000 -14.5879 4.21252
26000 -6.62489 10.5828
27000 -15.2746 13.6561
28000 -13.5755 11.7577
29000 -7.32444 16.3987
30000 -8.46205 2.5899
31000 -6.96457 6.91718
32000 -6.91484 10.6834
33000 -5.73174 2.78414
34000 -7.0069 13.9688
35000 -9.31185 3.27277
36000 -11.2249 6.8617
37000 -9.22708 14.4206
38000 -5.84548 1.44868
39000 -5.80146 10.1114
40000 -2.28672 5.97357
41000 -8.84952 7.45605
42000 -11.0815 7.87225
43000 -15.472 12.6739
44000 -2.50046 7.53812
45000 -16.4979 11.4962
46000 -6.18177 10.3456
47000 -15.4729 15.2828
48000 -19.1859 13.7975
49000 -11.2396 17.3986
50000 -9.66754 7.68884
51000 -5.73656 6.06731
52000 -7.37923 6.7252
53000 -12.0741 17.119
54000 -14.96 6.5405
55000 -7.49959 16.3147
56000 -14.5623 2.57246
57000 -3.91356 16.9986
58000 -11.7222 6.5658
59000 -9.44453 5.89415
60000 -6.34115 12.9115
61000 -4.08622 2.1742
62000 -0.884127 3.26355
63000 -11.6821 4.26234
64000 -1.8318 1.76759
65000 -6.91318 7.75615
66000 -2.86208 7.76184
67000 -9.4266 9.94724
68000 -14.723 7.88809
69000 -13.6867 15.9437
70000 -12.1438 13.0816
71000 -12.3927 12.4809
72000 -4.99319 0.76117
73000 -8.0523 13.6628
74000 -14.6614 11.645
75000 -15.6258 15.3671
76000 -9.96092 12.6814
77000 -10.6592 8.98198
78000 -8.61867 13.8182
79000 -10.6502 4.53705
80000 -7.87212 10.4942
81000 -5.91544 9.84435
82000 -10.2371 7.4529
83000 -11.5299 8.69485
84000 -7.69597 11.9312
85000 -14.7267 11.7525
86000 -9.59452 12.6188
87000 -3.34486 5.01025
88000 -12.0695 4.85273
89000 -5.77139 7.86652
90000 -7.30405 8.04825
91000 -15.4472 8.61502
92000 -4.91354 18.4733
93000 -9.19487 3.86377
94000 -11.4919 10.5679
95000 -13.0951 12.834
96000 -16.6485 13.1308
97000 -12.7353 18.4766
98000 -11.8804 7.49789
99000 -10.9328 12.2271
100000 -5.59814 7.86774
101000 -10.8127 7.38753
102000 0.705699 3.4195
103000 -6.10892 5.68122
104000 -9.81379 7.18674
105000 -6.02027 10.3911
106000 -14.9875 10.7651
107000 -10.5629 16.7681
108000 -9.46495 2.6129
109000 -10.8352 7.75534
110000 -4.80432 8.71704
111000 -9.80393 7.18338
112000 -10.8637 12.2025
113000 -3.91706 1.11851
114000 0.402669 7.12238
115000 -13.2239 11.3049
116000 -11.1883 6.14512
117000 -15.4254 14.5418
118000 -7.15095 16.5005
119000 -11.292 6.44262
120000 -11.4743 13.3851
121000 -9.00906 10.43
122000 -10.518 4.24463
123000 -6.33333 11.7273
124000 -20.2328 13.0158
125000 -9.54451 11.7919
126000 -5.87615 7.89861
127000 -12.2478 13.529
128000 -12.123 13.1852
129000 -10.1611 8.65705
130000 -12.7371 5.23173
131000 -4.0554 2.7742
132000 -1.23679 11.7125
133000 -7.54593 5.689
134000 -7.2062 4.29625
135000 -4.30639 9.86319
136000 -8.34007 3.05162
137000 -2.82248 12.3639
138000 -10.7316 7.84942
139000 -11.4145 2.84284
140000 -1.51829 7.11518
141000 -2.83796 5.22343
142000 -8.12311 6.66633
143000 -7.77227 6.12496
144000 -2.87871 6.63294
145000 -9.95064 4.32128
146000 -5.57001 14.5421
147000 -16.9947 10.2154
148000 -12.5051 14.9824
149000 -15.8166 7.68063
150000 -10.6778 15.1238
151000 -12.5244 11.5272
152000 -4.95424 10.3039
153000 -14.2172 11.9677
154000 -8.54127 13.1572
155000 -13.647 5.30882
156000 -9.97317 12.7572
157000 -8.92287 6.37425
158000 -4.85091 12.6925
159000 -15.3043 9.23128
160000 -8.74234 7.45074
161000 -1.30865 7.82206
162000 -14.1203 6.73322
163000 -11.6181 7.99106
164000 1.17209 5.52482
165000 -11.775 8.55555
166000 -6.96241 12.0782
167000 -11.6206 5.29179
168000 -6.18691 9.20078
169000 -4.64854 8.99857
170000 -7.71984 5.29154
171000 -17.5184 9.65508
172000 -2.87367 12.4876
173000 -11.707 8.35942
174000 -7.96469 9.61238
175000 -11.479 10.6909
176000 -16.1254 13.5129
177000 -8.71212 13.2793
178000 -10.1278 2.50845
179000 -6.07439 16.52
180000 -12.2577 2.28353
181000 -8.60411 16.9626
182000 -11.5356 6.09652
183000 -11.2988 13.1365
184000 -9.5893 10.5896
185000 -8.30464 10.6972
186000 -15.119 8.55228
187000 -10.0165 13.095
188000 0.560382 5.43921
189000 -8.8587 -0.331812
190000 0.0657291 4.70804
191000 -6.66245 6.33843
192000 -11.1007 4.9959
193000 -20.0841 12.3792
194000 0.602276 16.4349
195000 -13.7609 11.5686
196000 -14.8723 7.02256
197000 -9.90261 17.0813
198000 -11.7131 10.9854
199000 -10.5526 8.08764
200000 -10.1085 13.4954
