# Time-averaged data for fix myat1
# TimeStep v_mytemp
100 11.6645
200 51.5744
300 91.173
400 118.905
500 148.811
600 192.392
700 238.115
800 274.734
900 301.953
1000 311.452
1100 312.358
1200 299.688
1300 286.963
1400 302.313
1500 304.093
1600 300.924
1700 298.816
1800 301.775
1900 301.574
2000 292.299
2100 306.178
2200 302.262
2300 295.509
2400 298.031
2500 294.367
2600 300.315
2700 312.044
2800 309.142
2900 294.779
3000 288.962
3100 295.024
3200 304.154
3300 313.237
3400 295.931
3500 287.588
3600 303.008
3700 312.128
3800 306.834
3900 292.824
4000 288.566
4100 303.448
4200 309.795
4300 301.189
4400 293.559
4500 286.966
4600 297.969
4700 307.495
4800 316.574
4900 305.69
5000 285.242
5100 292.234
5200 308.433
5300 300.72
5400 303.633
5500 301.418
5600 295.577
5700 295.288
5800 301.161
5900 308.577
6000 301.24
6100 300.576
6200 295.977
6300 297.527
6400 300.57
6500 298.752
6600 305.242
6700 302.808
6800 304.418
6900 289.754
7000 299.401
7100 299.66
7200 307.705
7300 303.27
7400 297.406
7500 298.344
7600 298.499
7700 299.508
7800 301.808
7900 307.259
8000 302.42
8100 301.064
8200 300.982
8300 299.063
8400 297.204
8500 309.142
8600 310.304
8700 310.403
8800 299.821
8900 295.998
9000 293.31
9100 300.656
9200 304.995
9300 306.108
9400 301.473
9500 299.145
9600 300.849
9700 300.789
9800 287.257
9900 286.556
10000 310.124
10100 302.911
10200 296.154
10300 297.14
10400 307.96
10500 300.621
10600 297.922
10700 296.061
10800 294.051
10900 300.987
11000 303.946
11100 307.663
11200 302.824
11300 290.298
11400 295.431
11500 296.059
11600 302.946
11700 303.772
11800 294.728
11900 302.782
12000 306.751
12100 301.881
12200 292.867
12300 297.384
12400 310.025
12500 310.566
12600 301.758
12700 295.733
12800 297.354
12900 299.412
13000 295.418
13100 288.664
13200 301.27
13300 310.429
13400 307.318
13500 299.231
13600 297.235
13700 304.265
13800 301.722
13900 309.422
14000 312.519
14100 295.158
14200 290.317
14300 295.337
14400 304.607
14500 307.254
14600 294.782
14700 298.397
14800 306.605
14900 313.298
15000 306.942
15100 298.62
15200 297.872
15300 294.453
15400 299.423
15500 290.315
15600 301.141
15700 307.483
15800 296.139
15900 294.822
16000 293.711
16100 294.134
16200 302.151
16300 305.967
16400 306.819
16500 298.423
16600 290.694
16700 300.305
16800 299.451
16900 298.652
17000 301.481
17100 301.667
17200 301.751
17300 301.197
17400 298.378
17500 296.422
17600 293.721
17700 290.403
17800 305.197
17900 305.438
18000 305.283
18100 298.37
18200 297.694
18300 298.901
18400 301.573
18500 307.179
18600 302.949
18700 289.718
18800 292.438
18900 308.003
19000 307.953
19100 297.538
19200 296.724
19300 301.099
19400 305.936
19500 297.939
19600 296.824
19700 296.868
19800 296.53
19900 302.36
20000 305.686
20100 307.086
20200 315.7
20300 310.896
20400 300.027
20500 300.255
20600 295.342
20700 302.386
20800 312.576
20900 301.877
21000 295.914
21100 302.193
21200 302.704
21300 298.949
21400 297.956
21500 293.772
21600 297.752
21700 305.053
21800 304.493
21900 307.353
22000 298.137
22100 294.089
22200 296.042
22300 301.409
22400 307.79
22500 298.867
22600 285.892
22700 296.715
22800 300.839
22900 306.205
23000 300.501
23100 295.154
23200 294.955
23300 306.056
23400 302.006
23500 292.322
23600 288.274
23700 295.291
23800 303.675
23900 301.496
24000 300.029
24100 292.518
24200 289.608
24300 300.303
24400 301.616
24500 302.727
24600 305.371
24700 282.677
24800 292.257
24900 310.796
25000 308.378
25100 299.009
25200 294.521
25300 298.562
25400 307.691
25500 307.137
25600 298.431
25700 299.36
25800 296.042
25900 311.864
26000 309.628
26100 300.853
26200 296.006
26300 298.631
26400 305.446
26500 303.866
26600 316.784
26700 308.389
26800 297.534
26900 298.343
27000 298.901
27100 300.649
27200 302.445
27300 313.049
27400 298.877
27500 294.43
27600 296.133
27700 301.896
27800 304.489
27900 303.019
28000 298.638
28100 282.873
28200 279.684
28300 296.611
28400 304.165
28500 305.886
28600 295.214
28700 298.009
28800 296.018
28900 303.702
29000 307.142
29100 303.243
29200 308.562
29300 295.935
29400 285.489
29500 300.305
29600 307.193
29700 299.436
29800 294.585
29900 299.88
30000 294.773
30100 305.694
30200 308.402
30300 300.157
30400 292.029
30500 296.438
30600 302.083
30700 297.244
30800 307.095
30900 291.86
31000 293.909
31100 295.415
31200 286.19
31300 299.94
31400 310.342
31500 298.043
31600 294.654
31700 289.239
31800 289.346
31900 298.291
32000 301.147
32100 304.043
32200 298.63
32300 305.563
32400 315.062
32500 303.555
32600 299.633
32700 295.756
32800 293.558
32900 299.547
33000 299.689
33100 301.448
33200 296.515
33300 294.239
33400 298.94
33500 298.539
33600 304.33
33700 307.542
33800 310.913
33900 302.221
34000 291.834
34100 293.198
34200 305.117
34300 309.697
34400 303.243
34500 296.521
34600 297.444
34700 298.55
34800 295.721
34900 300.95
35000 306.553
35100 298.484
35200 298.164
35300 305.078
35400 297.479
35500 296.75
35600 294.032
35700 293.853
35800 304.396
35900 300.105
36000 295.547
36100 299.287
36200 308.445
36300 303.601
36400 301.763
36500 298.956
36600 304.471
36700 299.81
36800 290.886
36900 292.635
37000 297.731
37100 301.283
37200 298.086
37300 299.208
37400 296.636
37500 301.141
37600 306.491
37700 302.28
37800 291.409
37900 296.716
38000 293.96
38100 303.287
38200 304.579
38300 309.69
38400 302.092
38500 299.182
38600 304.557
38700 310.505
38800 306.713
38900 302.42
39000 294.59
39100 300.71
39200 308.478
39300 299.652
39400 300.825
39500 300.063
39600 293.441
39700 285.455
39800 292.736
39900 295.609
40000 303.149
40100 296.897
40200 306.676
40300 321.123
40400 306.433
40500 299.851
40600 302.891
40700 297.872
40800 297.129
40900 306.159
41000 315.051
41100 308.355
41200 295.549
41300 298.137
41400 299.347
41500 314.642
41600 303.093
41700 288.176
41800 297.258
41900 303.992
42000 305.363
42100 301.149
42200 293.147
42300 294.457
42400 307.003
42500 300.745
42600 296.118
42700 302.679
42800 302.593
42900 295.662
43000 295.679
43100 300.456
43200 298.482
43300 304.471
43400 301.992
43500 292.64
43600 289.653
43700 296.386
43800 303.468
43900 301.442
44000 304.456
44100 294.836
44200 293.554
44300 298.505
44400 298.941
44500 309.58
44600 307.662
44700 293.811
44800 294.801
44900 294.919
45000 298.9
45100 311.284
45200 310.488
45300 312.996
45400 304.483
45500 296.451
45600 303.941
45700 303.25
45800 294.192
45900 295.251
46000 298.442
46100 300.075
46200 310.893
46300 304.824
46400 297.825
46500 298.856
46600 299.19
46700 306.043
46800 318.698
46900 308.096
47000 296.928
47100 298.022
47200 300.976
47300 305.556
47400 302.443
47500 287.01
47600 294.86
47700 303.856
47800 299.726
47900 300.495
48000 317.547
48100 303.094
48200 298.115
48300 300.558
48400 296.431
48500 293.583
48600 300.471
48700 310.671
48800 303.929
48900 302.852
49000 298.56
49100 291.685
49200 309.328
49300 311.766
49400 298.808
49500 288.108
49600 296.87
49700 312.297
49800 296.058
49900 290.708
50000 299.114
