# Time-averaged data for fix myat2
# TimeStep v_myvol
100 27753
200 29567.2
300 30737.4
400 31480.9
500 32010.1
600 32450.8
700 32719
800 32919.9
900 33174.2
1000 33389.9
1100 33453.8
1200 33480.3
1300 33544.6
1400 33641.4
1500 33632.7
1600 33563
1700 33570.1
1800 33435.3
1900 33254.5
2000 33056.2
2100 32850.5
2200 32553.1
2300 32208.6
2400 31989.5
2500 31824.4
2600 31707.4
2700 31570
2800 31398.4
2900 31232.5
3000 31049.4
3100 30981.5
3200 30950.9
3300 30971.8
3400 30946.5
3500 30861.3
3600 30921.6
3700 30977.8
3800 30824.9
3900 30650.6
4000 30526.5
4100 30363.1
4200 30079.4
4300 29723.8
4400 29334.1
4500 29006.1
4600 28785.2
4700 28578.8
4800 28253.2
4900 27897.8
5000 27594.6
5100 27421.9
5200 27317.3
5300 27145.1
5400 26924.8
5500 26713.7
5600 26538.3
5700 26425
5800 26323.6
5900 26192.2
6000 26086.1
6100 26042.5
6200 25908.4
6300 25689.2
6400 25434.4
6500 25230.1
6600 24989.4
6700 24690.5
6800 24446.1
6900 24249.6
7000 24125.1
7100 23939.2
7200 23688.9
7300 23395.8
7400 23150.7
7500 22970.5
7600 22733.4
7700 22444.3
7800 22251.1
7900 22163.6
8000 21969.9
8100 21733.6
8200 21640.7
8300 21576.6
8400 21411.9
8500 21201.3
8600 21030.5
8700 20886.7
8800 20708.4
8900 20522.6
9000 20337
9100 20092.2
9200 19890.4
9300 19690.2
9400 19432.2
9500 19184.2
9600 18975.1
9700 18843.7
9800 18769.3
9900 18676
10000 18565.2
10100 18386.5
10200 18187.9
10300 18012.7
10400 17816.6
10500 17587.1
10600 17379.9
10700 17135.2
10800 16926.3
10900 16706.6
11000 16491.7
11100 16348.9
11200 16262.9
11300 16117.9
11400 15877.3
11500 15637.1
11600 15443.2
11700 15244.1
11800 15050.9
11900 14913.5
12000 14773.7
12100 14659.6
12200 14539.8
12300 14375.4
12400 14215.4
12500 14099.2
12600 14017.9
12700 13905.3
12800 13788.9
12900 13639.1
13000 13495.6
13100 13380.6
13200 13257.3
13300 13085.1
13400 12900.7
13500 12716.3
13600 12503.7
13700 12349.9
13800 12257.4
13900 12182.7
14000 12108.2
14100 12092.6
14200 12074.8
14300 12095.8
14400 12146.4
14500 12136.8
14600 12082.7
14700 12039.7
14800 12015.1
14900 12028.8
15000 12012.6
15100 11970.3
15200 11902.3
15300 11812.1
15400 11678.9
15500 11557.4
15600 11437.6
15700 11288.2
15800 11175.5
15900 11143.6
16000 11171.3
16100 11200.4
16200 11220.5
16300 11276.3
16400 11397.3
16500 11568
16600 11684.4
16700 11715
16800 11687.4
16900 11662.8
17000 11720.2
17100 11789.5
17200 11828.2
17300 11849.6
17400 11882
17500 11907.2
17600 11900.6
17700 11815.9
17800 11690.4
17900 11559.3
18000 11498.6
18100 11461.6
18200 11394.2
18300 11329.2
18400 11322.2
18500 11382.7
18600 11494.8
18700 11602.1
18800 11625.4
18900 11574.1
19000 11526.8
19100 11505.9
19200 11493.7
19300 11460.2
19400 11420
19500 11421.4
19600 11425.9
19700 11364.8
19800 11259.9
19900 11123.8
20000 11028.5
20100 10977.4
20200 10934.7
20300 10917.9
20400 10924.9
20500 10938.8
20600 10982.4
20700 11037.9
20800 11109.4
20900 11172.7
21000 11156.2
21100 11072.1
21200 10972.5
21300 10899.7
21400 10876.7
21500 10877.9
21600 10871.9
21700 10856.3
21800 10797.2
21900 10740.3
22000 10713.5
22100 10680.5
22200 10620.8
22300 10583.6
22400 10580.3
22500 10561.6
22600 10515.9
22700 10455.2
22800 10383.2
22900 10351.1
23000 10343.6
23100 10370.6
23200 10418
23300 10489
23400 10598.4
23500 10704.2
23600 10780.9
23700 10859.6
23800 10929
23900 10966.7
24000 10964.3
24100 10944.3
24200 10920.1
24300 10904.3
24400 10901.5
24500 10849
24600 10793.9
24700 10776.1
24800 10788.1
24900 10795.9
25000 10793.3
25100 10779.9
25200 10729.1
25300 10656.3
25400 10584.4
25500 10526.4
25600 10452.1
25700 10400.6
25800 10362
25900 10278.9
26000 10245.3
26100 10291.8
26200 10338.3
26300 10405
26400 10449.8
26500 10448.6
26600 10412.5
26700 10329.9
26800 10199.2
26900 10073.7
27000 9991.3
27100 9929.39
27200 9919.24
27300 9990.19
27400 10101.2
27500 10201
27600 10277.6
27700 10344.9
27800 10373.3
27900 10394.6
28000 10414.6
28100 10418.1
28200 10432.5
28300 10438.6
28400 10417.6
28500 10387.3
28600 10324.9
28700 10226.7
28800 10143.8
28900 10078.9
29000 10042
29100 9990.88
29200 9912.11
29300 9886.06
29400 9915.83
29500 10002.6
29600 10173.3
29700 10345
29800 10497.2
29900 10654.5
30000 10772.5
30100 10814
30200 10806.8
30300 10816.7
30400 10827.7
30500 10806.4
30600 10762.7
30700 10716.7
30800 10651.2
30900 10579.8
31000 10517.6
31100 10437.2
31200 10370.1
31300 10316.2
31400 10289.2
31500 10309.6
31600 10335.9
31700 10304.7
31800 10239.3
31900 10180
32000 10151.9
32100 10146.9
32200 10168.6
32300 10167.1
32400 10173.7
32500 10200.2
32600 10245
32700 10278.7
32800 10246.5
32900 10158.9
33000 10101.1
33100 10110.2
33200 10179.5
33300 10240
33400 10248.3
33500 10178.1
33600 10047.7
33700 9907.11
33800 9769.22
33900 9685.13
34000 9685.61
34100 9743.33
34200 9839.69
34300 9961.93
34400 10099.4
34500 10220.2
34600 10321.5
34700 10364.5
34800 10365.6
34900 10373.5
35000 10383.9
35100 10391.5
35200 10391.9
35300 10437.2
35400 10482.4
35500 10493.5
35600 10522.6
35700 10527
35800 10485.8
35900 10387.7
36000 10270.8
36100 10191.6
36200 10156.1
36300 10169.4
36400 10193.8
36500 10220.8
36600 10216.8
36700 10182.9
36800 10146.4
36900 10094.1
37000 10069.8
37100 10055.2
37200 10052.6
37300 10096.7
37400 10207
37500 10392.3
37600 10569.7
37700 10702.2
37800 10801.8
37900 10849.2
38000 10890.8
38100 10913.7
38200 10926.1
38300 10921.4
38400 10873.3
38500 10779.3
38600 10616.7
38700 10456.3
38800 10309.9
38900 10182.1
39000 10069.9
39100 9975.69
39200 9922.95
39300 9884.75
39400 9822.42
39500 9792.46
39600 9771.04
39700 9746.33
39800 9760.88
39900 9837.64
40000 9984.82
40100 10084.9
40200 10092.6
40300 10072.1
40400 10041.1
40500 10015.4
40600 9928.96
40700 9781.66
40800 9672.09
40900 9631.96
41000 9653.18
41100 9686.84
41200 9716.85
41300 9768.69
41400 9793.09
41500 9775.93
41600 9759.27
41700 9737.53
41800 9742.55
41900 9790
42000 9850.47
42100 9864.87
42200 9833.42
42300 9800.19
42400 9764.63
42500 9734.38
42600 9725.3
42700 9704.85
42800 9658.06
42900 9607.16
43000 9574.94
43100 9557.67
43200 9630.6
43300 9746.79
43400 9863.48
43500 9970.74
43600 10059.3
43700 10144.8
43800 10200.3
43900 10237.5
44000 10209.5
44100 10140.2
44200 10060.5
44300 9966.3
44400 9876.95
44500 9803.48
44600 9794.22
44700 9834.09
44800 9868.98
44900 9890.49
45000 9891.25
45100 9855.88
45200 9834.35
45300 9875.6
45400 9969.41
45500 10072.7
45600 10120.2
45700 10103.6
45800 10039.1
45900 9929.18
46000 9825.06
46100 9692.88
46200 9560.92
46300 9498.68
46400 9522.78
46500 9611.25
46600 9684.41
46700 9732.06
46800 9781.55
46900 9838.72
47000 9906.6
47100 9963.71
47200 10015.4
47300 10024
47400 9988.63
47500 9972.28
47600 9988.19
47700 9965.08
47800 9915.37
47900 9871.59
48000 9848.69
48100 9846.46
48200 9844.43
48300 9841.56
48400 9842.6
48500 9850.94
48600 9833
48700 9847.99
48800 9930.76
48900 10019.4
49000 10085.7
49100 10122
49200 10128
49300 10093.3
49400 10015.4
49500 9979.27
49600 10005.4
49700 10035.4
49800 10058.8
49900 10088.2
50000 10058.2
