# Time-averaged data for fix myat1
# TimeStep f_mysf1[1] f_mysf2[1]
1000 -1.63186 0.514671
2000 -4.33941 0.261632
3000 -0.219323 -0.662736
4000 -2.47635 2.02614
5000 1.82515 0.402145
6000 -0.00155514 2.1582
7000 -3.71919 -1.67826
8000 0.478876 -0.582222
9000 -4.95832 5.25267
10000 -4.33847 2.29135
11000 -0.356715 4.59332
12000 -3.34323 8.30092
13000 0.190385 -2.57465
14000 -9.68613 2.11695
15000 3.45721 2.76569
16000 -7.25214 3.94378
17000 0.448978 2.02408
18000 -1.8216 3.41964
19000 -4.94191 1.97636
20000 -5.51233 5.45441
21000 -1.09704 2.13963
22000 -11.3113 4.27989
23000 1.1453 1.37968
24000 -2.84648 4.79783
25000 -1.25815 7.67569
26000 -2.22709 6.38482
27000 -7.34293 2.40611
28000 -2.22229 2.78356
29000 -3.4316 -2.80757
30000 2.11972 0.149224
31000 -1.0416 -1.76432
32000 -0.195662 3.37083
33000 3.13706 3.8447
34000 -11.1639 4.34262
35000 2.11626 -0.978677
36000 -0.660152 3.7157
37000 1.13391 -5.19964
38000 -1.36332 6.20597
39000 -2.47197 -3.88038
40000 -5.69178 7.32449
41000 2.64212 2.5328
42000 -1.82202 0.470855
43000 -7.56594 0.202413
44000 0.91016 0.948135
45000 -2.72549 7.58933
46000 -10.286 4.25503
47000 -3.89634 2.05437
48000 0.209403 3.91132
49000 -2.72169 4.29338
50000 -7.3123 -3.20807
51000 2.91924 1.02246
52000 1.0149 6.83549
53000 4.84798 1.47767
54000 -8.15681 -1.62694
55000 -0.885147 2.02739
56000 0.896516 0.85408
57000 -5.08655 6.09752
58000 -3.72938 3.72403
59000 -8.23514 2.22315
60000 -0.368148 4.52061
61000 -0.536427 2.50837
62000 -7.75306 5.74466
63000 -3.58326 1.82074
64000 -5.02645 -1.26479
65000 4.05464 7.20719
66000 -9.00507 8.49422
67000 -7.29579 4.81459
68000 -5.14282 2.70257
69000 -4.41073 -0.637729
70000 -1.24951 6.24575
71000 -1.42657 -2.21907
72000 0.327494 3.28689
73000 5.86477 1.57412
74000 -8.3183 -2.39609
75000 -0.829001 -2.95264
76000 2.41241 7.05851
77000 -1.29964 2.38941
78000 -4.4436 1.31165
79000 -7.64601 2.61096
80000 -0.254441 4.51525
81000 3.21797 0.768152
82000 -4.87256 5.51451
83000 -6.93605 1.5155
84000 -0.0040575 4.54632
85000 -6.68198 3.14489
86000 -1.9794 5.04929
87000 -2.63795 -0.310492
88000 1.46985 -0.893349
89000 -4.71541 5.40475
90000 -2.9887 3.20272
91000 -2.69589 0.612401
92000 -2.95395 1.31414
93000 0.207042 1.50651
94000 0.588927 4.3292
95000 -2.59604 0.598366
96000 -4.74163 2.22351
97000 0.97453 1.10093
98000 -0.142908 1.95079
99000 -5.09571 3.66134
100000 -5.08722 2.41029
101000 2.42764 -1.32266
102000 -6.42762 2.86143
103000 3.48102 -0.276005
104000 -3.47379 9.10928
105000 -7.59229 -0.390393
106000 -5.57283 6.46611
107000 0.320678 2.79384
108000 2.22157 -2.66096
109000 -6.64714 1.16672
110000 5.44939 4.00361
111000 -3.97784 -0.983074
112000 -6.15215 2.95196
113000 -2.17805 8.55972
114000 -1.8034 -1.97281
115000 -1.14725 5.52214
116000 -0.022123 3.20156
117000 -9.16108 -1.85972
118000 -3.65674 8.54817
119000 -0.70613 2.40992
120000 -3.51564 2.11141
121000 -3.00202 0.0268588
122000 -3.17592 4.3418
123000 -1.03583 1.45625
124000 -9.57601 13.0722
125000 1.08161 0.379844
126000 -4.55612 -0.309501
127000 -3.58236 5.03439
128000 -5.24099 1.8153
129000 -4.23028 4.43524
130000 -2.55247 2.15216
131000 -2.09144 4.46752
132000 -2.20076 1.7861
133000 -5.45131 5.10072
134000 -4.25835 1.38956
135000 -1.85666 4.68868
136000 3.40227 6.13789
137000 -4.89328 -3.4726
138000 -1.8648 0.620783
139000 1.25961 -1.24796
140000 -1.53409 -1.20435
141000 2.20717 0.97559
142000 -0.350429 0.0458097
143000 -7.44841 3.35664
144000 3.95797 5.51723
145000 -6.33863 0.990305
146000 0.967639 -3.7876
147000 -0.370769 6.52945
148000 -0.150869 1.9561
149000 -3.68503 -0.885487
150000 -1.44795 1.90687
151000 -1.77821 2.44168
152000 -5.24319 6.20822
153000 -4.34441 3.71935
154000 -2.97286 0.840352
155000 -4.43504 3.40982
156000 3.11324 1.57263
157000 -3.60965 0.644637
158000 -9.0782 4.34734
159000 5.10329 1.45859
160000 -6.27647 6.06967
161000 0.00463174 -4.10303
162000 -1.07333 4.1852
163000 -4.90439 0.794036
164000 1.92927 3.71132
165000 -1.00971 0.382484
166000 -5.91633 -0.682824
167000 -0.338249 9.83944
168000 -5.91758 1.6042
169000 -3.32074 5.23318
170000 -8.27395 -0.362415
171000 2.66787 6.43157
172000 -2.27607 2.02578
173000 -3.46638 -0.784904
174000 1.8746 0.71099
175000 -5.08373 8.285
176000 -1.79375 -2.50796
177000 -5.6922 -1.41465
178000 2.08036 11.3755
179000 -4.80803 -0.333738
180000 -5.68877 -0.285775
181000 -6.47828 7.38886
182000 -2.76474 4.15933
183000 8.29693 1.88429
184000 -6.01818 -4.16986
185000 -5.09483 1.80463
186000 3.27811 6.56508
187000 3.31764 -3.96035
188000 -7.88907 3.18328
189000 -4.40378 -0.00829242
190000 -3.23426 9.91275
191000 0.506039 4.19956
192000 -6.03148 -0.695649
193000 0.141304 2.04129
194000 -1.28943 6.13154
195000 -13.1098 0.100705
196000 -2.83042 7.53228
197000 -4.25862 8.31575
198000 2.43438 1.13197
199000 -4.57735 -2.40799
200000 0.597369 1.13539
