# Chunk-averaged data for fix myac6 and group ions
# Timestep Number-of-chunks Total-count
# Chunk Coord1 Ncount density/mass vx
200000 566 30
  1 -28.25 0 0 0
  2 -28.15 0 0 0
  3 -28.05 0 0 0
  4 -27.95 0 0 0
  5 -27.85 0 0 0
  6 -27.75 0 0 0
  7 -27.65 0 0 0
  8 -27.55 0 0 0
  9 -27.45 0 0 0
  10 -27.35 0 0 0
  11 -27.25 0 0 0
  12 -27.15 0 0 0
  13 -27.05 0 0 0
  14 -26.95 0 0 0
  15 -26.85 0 0 0
  16 -26.75 0 0 0
  17 -26.65 0 0 0
  18 -26.55 0 0 0
  19 -26.45 0 0 0
  20 -26.35 0 0 0
  21 -26.25 0 0 0
  22 -26.15 0 0 0
  23 -26.05 0 0 0
  24 -25.95 0 0 0
  25 -25.85 0 0 0
  26 -25.75 0 0 0
  27 -25.65 0 0 0
  28 -25.55 0 0 0
  29 -25.45 0 0 0
  30 -25.35 0 0 0
  31 -25.25 0 0 0
  32 -25.15 0 0 0
  33 -25.05 0 0 0
  34 -24.95 0 0 0
  35 -24.85 0 0 0
  36 -24.75 0 0 0
  37 -24.65 0 0 0
  38 -24.55 0 0 0
  39 -24.45 0 0 0
  40 -24.35 0 0 0
  41 -24.25 0 0 0
  42 -24.15 0 0 0
  43 -24.05 0 0 0
  44 -23.95 0 0 0
  45 -23.85 0 0 0
  46 -23.75 0 0 0
  47 -23.65 0 0 0
  48 -23.55 0 0 0
  49 -23.45 0 0 0
  50 -23.35 0 0 0
  51 -23.25 0 0 0
  52 -23.15 0 0 0
  53 -23.05 0 0 0
  54 -22.95 0 0 0
  55 -22.85 0 0 0
  56 -22.75 0 0 0
  57 -22.65 0 0 0
  58 -22.55 0 0 0
  59 -22.45 0 0 0
  60 -22.35 0 0 0
  61 -22.25 0 0 0
  62 -22.15 0 0 0
  63 -22.05 0 0 0
  64 -21.95 0 0 0
  65 -21.85 0 0 0
  66 -21.75 0 0 0
  67 -21.65 0 0 0
  68 -21.55 0 0 0
  69 -21.45 0 0 0
  70 -21.35 0 0 0
  71 -21.25 0 0 0
  72 -21.15 0 0 0
  73 -21.05 0 0 0
  74 -20.95 0 0 0
  75 -20.85 0 0 0
  76 -20.75 0 0 0
  77 -20.65 0 0 0
  78 -20.55 0 0 0
  79 -20.45 0 0 0
  80 -20.35 0 0 0
  81 -20.25 0 0 0
  82 -20.15 0 0 0
  83 -20.05 0 0 0
  84 -19.95 0 0 0
  85 -19.85 0 0 0
  86 -19.75 0 0 0
  87 -19.65 0 0 0
  88 -19.55 0 0 0
  89 -19.45 0 0 0
  90 -19.35 0 0 0
  91 -19.25 0 0 0
  92 -19.15 0 0 0
  93 -19.05 0 0 0
  94 -18.95 0 0 0
  95 -18.85 0 0 0
  96 -18.75 0 0 0
  97 -18.65 0 0 0
  98 -18.55 0 0 0
  99 -18.45 0 0 0
  100 -18.35 0 0 0
  101 -18.25 0 0 0
  102 -18.15 0 0 0
  103 -18.05 0 0 0
  104 -17.95 0 0 0
  105 -17.85 0 0 0
  106 -17.75 0 0 0
  107 -17.65 0 0 0
  108 -17.55 0 0 0
  109 -17.45 0 0 0
  110 -17.35 0 0 0
  111 -17.25 0 0 0
  112 -17.15 0 0 0
  113 -17.05 0 0 0
  114 -16.95 0 0 0
  115 -16.85 0 0 0
  116 -16.75 0 0 0
  117 -16.65 0 0 0
  118 -16.55 0 0 0
  119 -16.45 0 0 0
  120 -16.35 0 0 0
  121 -16.25 0 0 0
  122 -16.15 0 0 0
  123 -16.05 0 0 0
  124 -15.95 0 0 0
  125 -15.85 0 0 0
  126 -15.75 0 0 0
  127 -15.65 0 0 0
  128 -15.55 0 0 0
  129 -15.45 0 0 0
  130 -15.35 0 0 0
  131 -15.25 0 0 0
  132 -15.15 0 0 0
  133 -15.05 0 0 0
  134 -14.95 0 0 0
  135 -14.85 0 0 0
  136 -14.75 0 0 0
  137 -14.65 0 0 0
  138 -14.55 0 0 0
  139 -14.45 0 0 0
  140 -14.35 0 0 0
  141 -14.25 0 0 0
  142 -14.15 0 0 0
  143 -14.05 0 0 0
  144 -13.95 0 0 0
  145 -13.85 0 0 0
  146 -13.75 0 0 0
  147 -13.65 0 0 0
  148 -13.55 0 0 0
  149 -13.45 0 0 0
  150 -13.35 0 0 0
  151 -13.25 0 0 0
  152 -13.15 0 0 0
  153 -13.05 0 0 0
  154 -12.95 0 0 0
  155 -12.85 0 0 0
  156 -12.75 0 0 0
  157 -12.65 0 0 0
  158 -12.55 0 0 0
  159 -12.45 0 0 0
  160 -12.35 0 0 0
  161 -12.25 0 0 0
  162 -12.15 0 0 0
  163 -12.05 0 0 0
  164 -11.95 0 0 0
  165 -11.85 0 0 0
  166 -11.75 0 0 0
  167 -11.65 0 0 0
  168 -11.55 0 0 0
  169 -11.45 0 0 0
  170 -11.35 0 0 0
  171 -11.25 0 0 0
  172 -11.15 0 0 0
  173 -11.05 0 0 0
  174 -10.95 0 0 0
  175 -10.85 0 0 0
  176 -10.75 0 0 0
  177 -10.65 0 0 0
  178 -10.55 0 0 0
  179 -10.45 0 0 0
  180 -10.35 0 0 0
  181 -10.25 0 0 0
  182 -10.15 0 0 0
  183 -10.05 0 0 0
  184 -9.95 0 0 0
  185 -9.85 0.0002 0.000163856 -0.00129582
  186 -9.75 0.000866667 0.000710042 -0.000806939
  187 -9.65 0.000866667 0.000710042 -0.00190179
  188 -9.55 0.000733333 0.000600805 -0.0010689
  189 -9.45 0.00106667 0.000873898 -0.000197953
  190 -9.35 0.00513333 0.00420563 0.000985031
  191 -9.25 0.0112 0.00917593 7.42792e-05
  192 -9.15 0.0260667 0.0215142 -0.000523245
  193 -9.05 0.0473333 0.0395098 -0.000519899
  194 -8.95 0.109133 0.0924427 -0.000374203
  195 -8.85 0.238333 0.208303 -0.000159019
  196 -8.75 0.4096 0.368259 -0.000175366
  197 -8.65 0.650933 0.596883 -0.000245047
  198 -8.55 0.918133 0.859094 -0.000200961
  199 -8.45 1.03753 0.981756 -8.25935e-05
  200 -8.35 1.08807 1.03717 -0.000147154
  201 -8.25 0.880333 0.840338 -0.000156637
  202 -8.15 0.730667 0.694 -9.90028e-05
  203 -8.05 0.529933 0.50217 -0.000175468
  204 -7.95 0.3552 0.332908 -0.000171311
  205 -7.85 0.255067 0.236466 -0.000256877
  206 -7.75 0.2042 0.18611 -0.000175551
  207 -7.65 0.170733 0.151982 1.66516e-06
  208 -7.55 0.144733 0.126334 -0.000147981
  209 -7.45 0.1354 0.115886 -0.00021876
  210 -7.35 0.128933 0.110028 -0.000113145
  211 -7.25 0.133333 0.112221 -0.00026715
  212 -7.15 0.112333 0.0945529 -2.14311e-05
  213 -7.05 0.105267 0.0885564 0.000162305
  214 -6.95 0.1014 0.0857051 -1.68117e-05
  215 -6.85 0.0971333 0.0820268 -0.0003362
  216 -6.75 0.0960667 0.0800083 -0.000205584
  217 -6.65 0.0934 0.0773487 6.71237e-05
  218 -6.55 0.0741333 0.0610282 -6.55573e-05
  219 -6.45 0.0775333 0.0638868 -9.21132e-05
  220 -6.35 0.081 0.0664347 -0.000105974
  221 -6.25 0.105267 0.0862428 -0.000168382
  222 -6.15 0.138933 0.113825 -3.44607e-05
  223 -6.05 0.150467 0.123274 -0.000364496
  224 -5.95 0.183 0.149928 -5.2707e-05
  225 -5.85 0.1712 0.140261 -0.000143099
  226 -5.75 0.1504 0.12322 -0.000210807
  227 -5.65 0.126667 0.103775 -0.000181022
  228 -5.55 0.0884 0.0724243 -0.000173661
  229 -5.45 0.0713333 0.0584419 -0.000116868
  230 -5.35 0.0506 0.0414555 -6.76828e-05
  231 -5.25 0.0441333 0.0361575 -0.000390361
  232 -5.15 0.0434 0.0355567 -0.000565833
  233 -5.05 0.0394667 0.0323342 1.93589e-05
  234 -4.95 0.0383333 0.0314057 -0.00013244
  235 -4.85 0.0403333 0.0330443 -0.000162642
  236 -4.75 0.0469333 0.0384515 -7.09121e-05
  237 -4.65 0.0549333 0.0450057 -0.000134018
  238 -4.55 0.0606667 0.049703 0.000145142
  239 -4.45 0.0567333 0.0464805 5.71058e-05
  240 -4.35 0.0453333 0.0371407 -2.10222e-05
  241 -4.25 0.0464 0.0380146 -4.62519e-05
  242 -4.15 0.0458 0.037523 -0.000156599
  243 -4.05 0.0464 0.0380146 -0.000238404
  244 -3.95 0.0396667 0.0324981 -0.000433776
  245 -3.85 0.0397333 0.0325527 -0.000130496
  246 -3.75 0.0301333 0.0246876 -0.000211868
  247 -3.65 0.0171333 0.0142196 0.000359633
  248 -3.55 0.0139333 0.0116832 -5.69282e-06
  249 -3.45 0.0119333 0.00991068 -6.7252e-05
  250 -3.35 0.0140667 0.0119507 -0.000404434
  251 -3.25 0.0130667 0.0112167 -9.53345e-05
  252 -3.15 0.0184 0.0158662 -7.155e-05
  253 -3.05 0.02 0.017518 -0.000249914
  254 -2.95 0.0217333 0.0193521 0.000159367
  255 -2.85 0.0270667 0.0255603 -0.000159001
  256 -2.75 0.0224 0.0217857 2.08564e-06
  257 -2.65 0.0238 0.023164 -0.000202114
  258 -2.55 0.0313333 0.0306388 -5.23566e-05
  259 -2.45 0.0320667 0.0315075 -0.000158306
  260 -2.35 0.0343333 0.0338029 4.32216e-05
  261 -2.25 0.0494667 0.0484784 0.000281226
  262 -2.15 0.0538667 0.0527651 0.00040491
  263 -2.05 0.0627333 0.0612835 -0.000153564
  264 -1.95 0.0701333 0.0683569 0.000160044
  265 -1.85 0.0776 0.0742306 0.000255226
  266 -1.75 0.0768667 0.0740073 -6.1057e-05
  267 -1.65 0.0716667 0.0673239 -0.000145575
  268 -1.55 0.0710667 0.06598 -0.000349639
  269 -1.45 0.0826667 0.0770057 -0.000173746
  270 -1.35 0.0874667 0.0808408 -6.57133e-05
  271 -1.25 0.0972 0.0879506 -8.17312e-06
  272 -1.15 0.0966667 0.0878424 -3.61052e-05
  273 -1.05 0.0975333 0.0884672 -1.11231e-05
  274 -0.95 0.101733 0.0928458 -8.01238e-05
  275 -0.85 0.0897333 0.0820281 0.000163365
  276 -0.75 0.105133 0.0962158 -0.00021075
  277 -0.65 0.108933 0.0995361 5.2983e-05
  278 -0.55 0.110133 0.100069 -0.000103849
  279 -0.45 0.1146 0.105749 0.000178797
  280 -0.35 0.109533 0.102439 6.02877e-05
  281 -0.25 0.104133 0.0975274 -7.12125e-05
  282 -0.15 0.1104 0.103977 1.62292e-07
  283 -0.05 0.116 0.110379 -0.000258716
  284 0.05 0.113 0.107714 -7.31211e-05
  285 0.15 0.095 0.0902395 -0.000149503
  286 0.25 0.0944667 0.0894982 2.34207e-05
  287 0.35 0.093 0.0881991 1.31849e-05
  288 0.45 0.0840667 0.0788711 0.000175249
  289 0.55 0.077 0.0726188 6.95778e-05
  290 0.65 0.0689333 0.0643783 -0.000110236
  291 0.75 0.0750667 0.0687091 -7.24215e-05
  292 0.85 0.0934 0.0842772 0.00014352
  293 0.95 0.102067 0.090574 -3.08888e-05
  294 1.05 0.0970667 0.0852477 -9.34846e-05
  295 1.15 0.1086 0.0957196 4.98589e-06
  296 1.25 0.108533 0.0960424 8.99896e-05
  297 1.35 0.117667 0.103233 -1.76767e-05
  298 1.45 0.1254 0.110372 0.000195574
  299 1.55 0.137333 0.123011 8.48114e-05
  300 1.65 0.14 0.124453 0.000246767
  301 1.75 0.1158 0.101765 2.77226e-06
  302 1.85 0.1056 0.0913744 5.19518e-05
  303 1.95 0.102667 0.0888494 0.000150805
  304 2.05 0.1034 0.0901686 0.000129792
  305 2.15 0.108667 0.0944226 0.000117819
  306 2.25 0.116467 0.101203 1.09616e-05
  307 2.35 0.111467 0.0960956 0.000198835
  308 2.45 0.111533 0.0956997 9.68118e-05
  309 2.55 0.116067 0.0998764 9.7023e-05
  310 2.65 0.102333 0.0883328 0.000178462
  311 2.75 0.0972667 0.0833659 -7.35521e-05
  312 2.85 0.0926667 0.0808636 0.000217058
  313 2.95 0.0866667 0.0768855 0.000111115
  314 3.05 0.0804 0.0710086 0.000348012
  315 3.15 0.0747333 0.0673523 9.74041e-05
  316 3.25 0.0634 0.0576897 -0.000100031
  317 3.35 0.0668667 0.0613822 0.000204019
  318 3.45 0.0872 0.0810729 0.000111605
  319 3.55 0.0946667 0.0883226 7.16948e-05
  320 3.65 0.0975333 0.0893196 -5.88107e-06
  321 3.75 0.0890667 0.0820299 0.000349827
  322 3.85 0.0894 0.0817063 0.000253495
  323 3.95 0.0972 0.0896188 9.77162e-05
  324 4.05 0.116133 0.108382 0.000175494
  325 4.15 0.122867 0.115274 2.77801e-05
  326 4.25 0.135533 0.126163 9.1877e-05
  327 4.35 0.140067 0.128793 5.35276e-05
  328 4.45 0.1454 0.132956 0.000187299
  329 4.55 0.153867 0.140903 0.00025154
  330 4.65 0.149267 0.13655 7.60437e-05
  331 4.75 0.142667 0.130826 6.16993e-05
  332 4.85 0.136667 0.125983 0.000303526
  333 4.95 0.119733 0.111355 6.86741e-05
  334 5.05 0.111867 0.10541 0.000127217
  335 5.15 0.116133 0.111499 0.000204056
  336 5.25 0.136 0.132281 7.86995e-05
  337 5.35 0.167533 0.162194 0.00025984
  338 5.45 0.1674 0.160612 0.000198428
  339 5.55 0.176267 0.1665 0.00017814
  340 5.65 0.166067 0.15365 0.000271146
  341 5.75 0.188533 0.171387 0.000284449
  342 5.85 0.184 0.163448 0.000126223
  343 5.95 0.1576 0.139542 0.000271846
  344 6.05 0.1284 0.113037 1.78768e-05
  345 6.15 0.106533 0.0934785 0.000107805
  346 6.25 0.0828667 0.0728834 5.82053e-05
  347 6.35 0.056 0.0485829 3.63826e-05
  348 6.45 0.0561333 0.0486556 0.000101937
  349 6.55 0.0555333 0.0477378 0.000334796
  350 6.65 0.0560667 0.0468475 0.000325097
  351 6.75 0.0639333 0.0531707 0.000374673
  352 6.85 0.076 0.0632028 3.34186e-06
  353 6.95 0.0827333 0.0684393 0.000261701
  354 7.05 0.0968667 0.0797505 0.000101796
  355 7.15 0.1108 0.0922374 0.0002433
  356 7.25 0.1216 0.102096 0.000161361
  357 7.35 0.1426 0.120227 9.825e-05
  358 7.45 0.161333 0.138448 0.000140524
  359 7.55 0.1848 0.159439 0.000238543
  360 7.65 0.222067 0.192699 0.000219386
  361 7.75 0.2714 0.241287 1.38196e-05
  362 7.85 0.347133 0.314597 0.000174925
  363 7.95 0.459333 0.426052 0.000167849
  364 8.05 0.6124 0.5804 0.00018274
  365 8.15 0.814933 0.778697 0.000107956
  366 8.25 1.01673 0.97649 0.000137758
  367 8.35 1.1394 1.08997 0.000252007
  368 8.45 1.02727 0.970094 0.000176882
  369 8.55 0.823267 0.759929 0.000211737
  370 8.65 0.615533 0.553877 0.00023986
  371 8.75 0.379733 0.329251 0.000109709
  372 8.85 0.215067 0.18118 0.000296763
  373 8.95 0.121067 0.100308 0.000161428
  374 9.05 0.0622667 0.0512695 0.000265302
  375 9.15 0.0258 0.0212105 0.000121323
  376 9.25 0.0101333 0.00830203 -0.00013462
  377 9.35 0.0052 0.00426025 -0.000259482
  378 9.45 0.0006 0.000491568 0.000157145
  379 9.55 0 0 0
  380 9.65 0 0 0
  381 9.75 0 0 0
  382 9.85 0 0 0
  383 9.95 0 0 0
  384 10.05 0 0 0
  385 10.15 0 0 0
  386 10.25 0 0 0
  387 10.35 0 0 0
  388 10.45 0 0 0
  389 10.55 0 0 0
  390 10.65 0 0 0
  391 10.75 0 0 0
  392 10.85 0 0 0
  393 10.95 0 0 0
  394 11.05 0 0 0
  395 11.15 0 0 0
  396 11.25 0 0 0
  397 11.35 0 0 0
  398 11.45 0 0 0
  399 11.55 0 0 0
  400 11.65 0 0 0
  401 11.75 0 0 0
  402 11.85 0 0 0
  403 11.95 0 0 0
  404 12.05 0 0 0
  405 12.15 0 0 0
  406 12.25 0 0 0
  407 12.35 0 0 0
  408 12.45 0 0 0
  409 12.55 0 0 0
  410 12.65 0 0 0
  411 12.75 0 0 0
  412 12.85 0 0 0
  413 12.95 0 0 0
  414 13.05 0 0 0
  415 13.15 0 0 0
  416 13.25 0 0 0
  417 13.35 0 0 0
  418 13.45 0 0 0
  419 13.55 0 0 0
  420 13.65 0 0 0
  421 13.75 0 0 0
  422 13.85 0 0 0
  423 13.95 0 0 0
  424 14.05 0 0 0
  425 14.15 0 0 0
  426 14.25 0 0 0
  427 14.35 0 0 0
  428 14.45 0 0 0
  429 14.55 0 0 0
  430 14.65 0 0 0
  431 14.75 0 0 0
  432 14.85 0 0 0
  433 14.95 0 0 0
  434 15.05 0 0 0
  435 15.15 0 0 0
  436 15.25 0 0 0
  437 15.35 0 0 0
  438 15.45 0 0 0
  439 15.55 0 0 0
  440 15.65 0 0 0
  441 15.75 0 0 0
  442 15.85 0 0 0
  443 15.95 0 0 0
  444 16.05 0 0 0
  445 16.15 0 0 0
  446 16.25 0 0 0
  447 16.35 0 0 0
  448 16.45 0 0 0
  449 16.55 0 0 0
  450 16.65 0 0 0
  451 16.75 0 0 0
  452 16.85 0 0 0
  453 16.95 0 0 0
  454 17.05 0 0 0
  455 17.15 0 0 0
  456 17.25 0 0 0
  457 17.35 0 0 0
  458 17.45 0 0 0
  459 17.55 0 0 0
  460 17.65 0 0 0
  461 17.75 0 0 0
  462 17.85 0 0 0
  463 17.95 0 0 0
  464 18.05 0 0 0
  465 18.15 0 0 0
  466 18.25 0 0 0
  467 18.35 0 0 0
  468 18.45 0 0 0
  469 18.55 0 0 0
  470 18.65 0 0 0
  471 18.75 0 0 0
  472 18.85 0 0 0
  473 18.95 0 0 0
  474 19.05 0 0 0
  475 19.15 0 0 0
  476 19.25 0 0 0
  477 19.35 0 0 0
  478 19.45 0 0 0
  479 19.55 0 0 0
  480 19.65 0 0 0
  481 19.75 0 0 0
  482 19.85 0 0 0
  483 19.95 0 0 0
  484 20.05 0 0 0
  485 20.15 0 0 0
  486 20.25 0 0 0
  487 20.35 0 0 0
  488 20.45 0 0 0
  489 20.55 0 0 0
  490 20.65 0 0 0
  491 20.75 0 0 0
  492 20.85 0 0 0
  493 20.95 0 0 0
  494 21.05 0 0 0
  495 21.15 0 0 0
  496 21.25 0 0 0
  497 21.35 0 0 0
  498 21.45 0 0 0
  499 21.55 0 0 0
  500 21.65 0 0 0
  501 21.75 0 0 0
  502 21.85 0 0 0
  503 21.95 0 0 0
  504 22.05 0 0 0
  505 22.15 0 0 0
  506 22.25 0 0 0
  507 22.35 0 0 0
  508 22.45 0 0 0
  509 22.55 0 0 0
  510 22.65 0 0 0
  511 22.75 0 0 0
  512 22.85 0 0 0
  513 22.95 0 0 0
  514 23.05 0 0 0
  515 23.15 0 0 0
  516 23.25 0 0 0
  517 23.35 0 0 0
  518 23.45 0 0 0
  519 23.55 0 0 0
  520 23.65 0 0 0
  521 23.75 0 0 0
  522 23.85 0 0 0
  523 23.95 0 0 0
  524 24.05 0 0 0
  525 24.15 0 0 0
  526 24.25 0 0 0
  527 24.35 0 0 0
  528 24.45 0 0 0
  529 24.55 0 0 0
  530 24.65 0 0 0
  531 24.75 0 0 0
  532 24.85 0 0 0
  533 24.95 0 0 0
  534 25.05 0 0 0
  535 25.15 0 0 0
  536 25.25 0 0 0
  537 25.35 0 0 0
  538 25.45 0 0 0
  539 25.55 0 0 0
  540 25.65 0 0 0
  541 25.75 0 0 0
  542 25.85 0 0 0
  543 25.95 0 0 0
  544 26.05 0 0 0
  545 26.15 0 0 0
  546 26.25 0 0 0
  547 26.35 0 0 0
  548 26.45 0 0 0
  549 26.55 0 0 0
  550 26.65 0 0 0
  551 26.75 0 0 0
  552 26.85 0 0 0
  553 26.95 0 0 0
  554 27.05 0 0 0
  555 27.15 0 0 0
  556 27.25 0 0 0
  557 27.35 0 0 0
  558 27.45 0 0 0
  559 27.55 0 0 0
  560 27.65 0 0 0
  561 27.75 0 0 0
  562 27.85 0 0 0
  563 27.95 0 0 0
  564 28.05 0 0 0
  565 28.15 0 0 0
  566 28.25 0 0 0
